11 5177
81 5692
51 8
78 19
19 1
4 19
8 51
1 19
43 79
104 5564
3046 3000 2938
3853 3814
3117 3858
3096 3074
3439 2938 3046
3336 2967
3677 143
2938 3000
3374 3074
3307 2894
2850 3212
3000 2938
2891 2832
3713 3227
2834 2894
3794 2873
3675 3212
3363 3463
3009 3407
2873 5693
3102 3569
3770 2873
3598 2873
3108 2938
3260 2988
3154 3351
3212 3675
3112 3926
2896 2988
2842 2988
2787 2803
3384 3064
3793 3504
2817 3079
3685 2938
2988 3260
2910 3260 2988
3827 3389
3478 3000
3396 2988 3260
3731 3666
3079 2817
2951 3000
3656 2948
3351 3335
3387 3335
3832 3642
3217 5900
3538 3926
3389 3827
3788 3926
2939 3335
3069 3074
3404 3335 3387
2841 3407
3544 3799
2970 3074
3214 2835
3335 3387 3404
3350 2834
3828 3563
3249 3074
3290 5036
4084 4032
4030 4130
4130 4030
4085 4047
4029 4130
4093 4024
4024 4093
4111 4208
4068 4032
4065 4114
4086 4021
4032 4068
4963 4725
4389 4335
4940 4337
4337 4591
4590 4852
4299 4603
4524 4254
4885 4852
4322 4753
4374 4887
4304 4896
4259 4208
4367 4852
4463 4275
4591 4337
4536 4591
4330 4442
4981 4204
4829 4852
4329 4320
4844 4413
4295 4058
4397 4748
4275 4463
4866 4758
4364 4598
4456 4726
4429 4481
4569 4391
4422 4407
4671 4402
4369 4254
4320 4440
4865 4747
4744 4497
5042 3074
5084 5150
5110 5115 5037
5115 5037
5037 5115
5160 5079
5080 5115
5036 3290
5131 5151
5043 5107
5056 5044
5224 5207
5191 5207
5173 5212
5212 5173
5249 5589
5589 5249
5692 5802
5693 2873
5757 5661
5503 5585
5585 5503
5584 5621
5774 5573 5621
5286 5661
5666 5547
5715 5721
5357 5472
5235 5543
5621 5573
5400 5350
5350 5400
5686 5564
5870 5830
5926 5840
