0 3.0
1 5.0
2 5.0
3 4.5
4 5.0
5 4.5
6 4.5
7 2.5
8 4.0
9 4.5
10 3.0
11 4.5
12 5.0
13 4.0
14 4.5
15 4.0
16 4.5
17 4.0
18 4.0
19 5.0
20 4.0
21 4.5
22 4.5
23 1.0
24 4.5
25 5.0
26 5.0
27 4.5
28 4.5
29 5.0
30 4.0
31 5.0
32 4.5
33 5.0
34 5.0
35 5.0
36 4.0
37 4.5
38 5.0
39 3.5
40 5.0
41 5.0
42 4.0
43 5.0
44 2.0
45 4.0
46 2.0
47 5.0
48 5.0
49 5.0
50 5.0
51 4.0
52 4.0
53 5.0
54 4.0
55 1.0
56 5.0
57 5.0
58 5.0
59 5.0
60 5.0
61 1.0
62 1.0
63 5.0
64 4.5
65 2.0
66 4.5
67 5.0
68 4.0
69 5.0
70 4.0
71 5.0
72 5.0
73 5.0
74 5.0
75 5.0
76 5.0
77 4.0
78 5.0
79 5.0
80 5.0
81 5.0
82 5.0
83 5.0
84 5.0
85 4.0
86 5.0
87 5.0
88 5.0
89 5.0
90 5.0
91 5.0
92 3.0
93 5.0
94 4.0
95 4.5
96 4.5
97 4.5
98 5.0
99 3.0
100 4.5
101 4.5
102 4.5
103 5.0
104 4.0
105 5.0
106 3.0
107 5.0
108 4.5
109 5.0
110 4.5
111 4.5
112 4.5
113 5.0
114 3.0
115 4.0
116 5.0
117 5.0
118 5.0
119 4.0
120 5.0
121 3.5
122 5.0
123 5.0
124 5.0
125 5.0
126 4.0
127 5.0
128 5.0
129 5.0
130 5.0
131 5.0
132 2.5
133 1.0
134 5.0
135 5.0
136 3.0
137 5.0
138 4.5
139 1.0
140 5.0
141 1.0
142 1.0
143 1.0
144 1.0
145 5.0
146 2.0
147 5.0
148 5.0
149 4.0
150 5.0
151 5.0
152 4.5
153 4.5
154 5.0
155 5.0
156 2.5
157 4.0
158 4.5
159 4.5
160 5.0
161 5.0
162 4.5
163 3.5
164 4.5
165 4.5
166 5.0
167 4.5
168 4.0
169 5.0
170 4.0
171 5.0
172 4.5
173 4.0
174 4.5
175 5.0
176 4.5
177 4.5
178 4.0
179 5.0
180 4.0
181 4.0
182 5.0
183 5.0
184 4.5
185 5.0
186 4.0
187 5.0
188 4.0
189 4.0
190 3.5
191 3.0
192 4.0
193 3.5
194 5.0
195 4.5
196 4.5
197 5.0
198 5.0
199 5.0
200 4.0
201 4.0
202 4.5
203 5.0
204 4.0
205 4.0
206 4.5
207 4.5
208 5.0
209 5.0
210 4.0
211 4.5
212 4.5
213 4.0
214 4.5
215 4.5
216 5.0
217 5.0
218 4.0
219 4.5
220 3.0
221 5.0
222 5.0
223 4.5
224 5.0
225 5.0
226 5.0
227 4.5
228 4.5
229 4.5
230 4.0
231 5.0
232 4.5
233 5.0
234 5.0
235 4.5
236 5.0
237 4.5
238 2.5
239 5.0
240 5.0
241 5.0
242 4.0
243 4.5
244 4.0
245 4.5
246 4.0
247 4.5
248 3.5
249 4.5
250 5.0
251 4.0
252 3.5
253 4.5
254 4.5
255 4.5
256 5.0
257 4.0
258 3.5
259 4.0
260 5.0
261 5.0
262 4.0
263 5.0
264 4.0
265 5.0
266 5.0
267 4.0
268 5.0
269 4.0
270 5.0
271 4.0
272 5.0
273 4.5
274 4.5
275 5.0
276 4.5
277 3.5
278 5.0
279 4.5
280 5.0
281 5.0
282 5.0
283 5.0
284 4.5
285 5.0
286 5.0
287 3.0
288 4.5
289 4.5
290 4.0
291 4.5
292 4.5
293 4.5
294 4.5
295 5.0
296 5.0
297 5.0
298 4.5
299 4.5
300 4.5
301 5.0
302 5.0
303 5.0
304 4.0
305 4.0
306 3.5
307 4.0
308 5.0
309 4.5
310 5.0
311 4.0
312 4.0
313 5.0
314 4.5
315 5.0
316 4.5
317 4.0
318 5.0
319 4.5
320 5.0
321 4.5
322 4.0
323 5.0
324 4.5
325 4.5
326 4.5
327 4.0
328 5.0
329 5.0
330 4.0
331 4.0
332 4.5
333 4.5
334 5.0
335 3.5
336 5.0
337 4.5
338 4.5
339 4.5
340 5.0
341 4.0
342 5.0
343 4.5
344 5.0
345 4.5
346 5.0
347 5.0
348 5.0
349 3.0
350 5.0
351 4.0
352 4.5
353 5.0
354 5.0
355 4.5
356 5.0
357 4.5
358 5.0
359 5.0
360 3.0
361 4.5
362 4.5
363 4.0
364 5.0
365 4.5
366 4.5
367 4.5
368 3.5
369 5.0
370 4.5
371 4.5
372 4.5
373 4.5
374 5.0
375 4.5
376 4.0
377 4.5
378 4.5
379 5.0
380 5.0
381 3.0
382 5.0
383 4.5
384 3.5
385 5.0
386 4.5
387 5.0
388 5.0
389 4.0
390 4.5
391 5.0
392 4.5
393 4.0
394 4.0
395 5.0
396 4.0
397 5.0
398 4.5
399 4.5
400 5.0
401 4.5
402 3.5
403 5.0
404 3.0
405 4.0
406 5.0
407 4.0
408 4.5
409 5.0
410 4.5
411 4.5
412 3.5
413 5.0
414 4.5
415 4.5
416 5.0
417 5.0
418 4.5
419 5.0
420 4.5
421 5.0
422 4.5
423 5.0
424 4.0
425 5.0
426 5.0
427 4.5
428 5.0
429 4.0
430 4.0
431 4.5
432 5.0
433 5.0
434 5.0
435 5.0
436 4.5
437 5.0
438 3.5
439 4.5
440 5.0
441 3.5
442 5.0
443 4.5
444 5.0
445 5.0
446 4.5
447 4.5
448 2.0
449 4.5
450 4.0
451 4.5
452 4.0
453 4.5
454 4.5
455 4.5
456 5.0
457 5.0
458 5.0
459 3.0
460 4.5
461 4.5
462 5.0
463 5.0
464 4.5
465 4.5
466 4.5
467 4.5
468 5.0
469 4.5
470 5.0
471 3.0
472 4.0
473 5.0
474 4.0
475 5.0
476 5.0
477 5.0
478 4.5
479 4.0
480 3.0
481 4.5
482 4.5
483 4.5
484 4.5
485 5.0
486 4.0
487 5.0
488 5.0
489 5.0
490 4.5
491 5.0
492 4.5
493 5.0
494 4.0
495 4.0
496 4.5
497 3.0
498 4.5
499 5.0
500 3.5
501 5.0
502 4.5
503 5.0
504 4.5
505 5.0
506 5.0
507 5.0
508 5.0
509 5.0
510 5.0
511 4.5
512 4.5
513 5.0
514 3.5
515 4.5
516 4.5
517 4.5
518 4.5
519 4.0
520 5.0
521 5.0
522 5.0
523 5.0
524 5.0
525 4.5
526 5.0
527 5.0
528 5.0
529 4.0
530 4.5
531 4.5
532 2.0
533 4.0
534 3.5
535 5.0
536 4.5
537 4.0
538 4.0
539 5.0
540 5.0
541 4.5
542 5.0
543 4.0
544 4.0
545 4.5
546 4.5
547 4.5
548 4.0
549 4.5
550 4.5
551 4.0
552 4.5
553 4.5
554 4.5
555 3.5
556 5.0
557 4.5
558 5.0
559 5.0
560 4.5
561 4.5
562 4.5
563 4.0
564 5.0
565 5.0
566 5.0
567 5.0
568 4.5
569 5.0
570 4.5
571 4.5
572 4.0
573 4.5
574 5.0
575 4.5
576 4.5
577 3.0
578 4.5
579 3.5
580 4.5
581 4.5
582 4.5
583 4.5
584 5.0
585 4.0
586 4.5
587 5.0
588 4.5
589 5.0
590 4.5
591 5.0
592 4.0
593 3.0
594 4.5
595 5.0
596 5.0
597 5.0
598 5.0
599 4.0
600 4.0
601 4.5
602 5.0
603 4.5
604 5.0
605 5.0
606 3.5
607 5.0
608 5.0
609 4.5
610 3.5
611 4.5
612 5.0
613 4.5
614 5.0
615 5.0
616 5.0
617 5.0
618 5.0
619 3.5
620 5.0
621 4.5
622 5.0
623 5.0
624 4.5
625 4.5
626 5.0
627 4.5
628 4.5
629 4.0
630 4.5
631 3.5
632 4.5
633 4.5
634 4.5
635 4.5
636 5.0
637 3.0
638 4.5
639 5.0
640 5.0
641 5.0
642 5.0
643 4.5
644 4.0
645 2.5
646 5.0
647 4.0
648 4.5
649 5.0
650 5.0
651 4.5
652 5.0
653 5.0
654 4.0
655 5.0
656 5.0
657 5.0
658 5.0
659 5.0
660 4.5
661 4.0
662 5.0
663 5.0
664 5.0
665 4.0
666 2.5
667 4.0
668 3.5
669 5.0
670 4.5
671 4.0
672 5.0
673 5.0
674 4.5
675 5.0
676 4.5
677 5.0
678 5.0
679 4.5
680 5.0
681 5.0
682 5.0
683 5.0
684 5.0
685 4.5
686 4.5
687 3.5
688 4.5
689 4.5
690 4.0
691 5.0
692 4.5
693 5.0
694 5.0
695 4.5
696 4.5
697 5.0
698 4.5
699 4.5
700 4.0
701 4.5
702 3.5
703 4.5
704 3.0
705 3.5
706 4.5
707 5.0
708 5.0
709 5.0
710 4.5
711 4.5
712 5.0
713 5.0
714 4.5
715 4.5
716 5.0
717 4.0
718 4.5
719 4.5
720 4.5
721 5.0
722 5.0
723 5.0
724 4.5
725 5.0
726 4.5
727 5.0
728 4.0
729 3.0
730 3.5
731 5.0
732 5.0
733 5.0
734 5.0
735 3.0
736 2.0
737 5.0
738 4.0
739 4.0
740 5.0
741 4.0
742 5.0
743 4.0
744 4.0
745 4.5
746 3.0
747 4.5
748 5.0
749 4.5
750 4.0
751 5.0
752 5.0
753 3.5
754 5.0
755 5.0
756 5.0
757 5.0
758 4.5
759 3.0
760 5.0
761 5.0
762 4.0
763 4.0
764 3.0
765 4.5
766 5.0
767 5.0
768 5.0
769 4.5
770 4.5
771 4.5
772 4.5
773 4.0
774 3.5
775 1.0
776 4.5
777 4.0
778 4.5
779 4.5
780 4.5
781 4.0
782 5.0
783 4.0
784 4.5
785 4.5
786 4.5
787 5.0
788 4.5
789 4.5
790 4.5
791 4.5
792 5.0
793 4.5
794 5.0
795 5.0
796 4.5
797 5.0
798 5.0
799 4.5
800 5.0
801 5.0
802 3.5
803 5.0
804 4.5
805 5.0
806 3.5
807 5.0
808 5.0
809 5.0
810 4.5
811 5.0
812 4.0
813 4.0
814 4.0
815 4.5
816 4.5
817 4.5
818 5.0
819 4.5
820 5.0
821 4.5
822 5.0
823 4.5
824 4.5
825 5.0
826 4.5
827 4.0
828 5.0
829 5.0
830 5.0
831 3.0
832 4.5
833 4.5
834 3.5
835 4.5
836 5.0
837 4.0
838 5.0
839 4.5
840 4.0
841 4.0
842 4.5
843 4.0
844 4.5
845 4.5
846 4.0
847 4.5
848 4.5
849 4.0
850 5.0
851 4.5
852 4.5
853 5.0
854 5.0
855 3.0
856 5.0
857 4.5
858 4.5
859 5.0
860 4.5
861 3.5
862 4.5
863 4.0
864 5.0
865 4.0
866 4.0
867 4.0
868 4.0
869 3.5
870 4.5
871 5.0
872 4.5
873 3.0
874 5.0
875 3.0
876 4.0
877 3.0
878 3.5
879 4.5
880 4.5
881 4.5
882 5.0
883 4.0
884 5.0
885 3.5
886 5.0
887 5.0
888 5.0
889 5.0
890 4.5
891 5.0
892 5.0
893 5.0
894 5.0
895 5.0
896 4.5
897 4.5
898 5.0
899 4.5
900 4.0
901 5.0
902 4.5
903 3.5
904 4.0
905 4.0
906 4.5
907 5.0
908 4.5
909 5.0
910 5.0
911 4.5
912 4.5
913 4.0
914 4.0
915 3.5
916 3.5
917 4.5
918 5.0
919 5.0
920 4.0
921 4.5
922 3.5
923 4.0
924 4.0
925 5.0
926 5.0
927 4.5
928 3.5
929 5.0
930 5.0
931 4.5
932 5.0
933 3.5
934 5.0
935 5.0
936 3.5
937 4.5
938 5.0
939 5.0
940 4.5
941 5.0
942 4.5
943 4.0
944 3.0
945 4.5
946 4.5
947 5.0
948 5.0
949 5.0
950 5.0
951 5.0
952 5.0
953 5.0
954 4.5
955 4.0
956 4.5
957 5.0
958 5.0
959 5.0
960 4.5
961 5.0
962 5.0
963 3.0
964 4.0
965 5.0
966 4.0
967 5.0
968 4.5
969 5.0
970 5.0
971 4.0
972 5.0
973 4.0
974 4.0
975 4.5
976 5.0
977 5.0
978 5.0
979 4.5
980 5.0
981 5.0
982 5.0
983 4.5
984 5.0
985 1.5
986 4.5
987 4.0
988 4.5
989 5.0
990 1.0
991 4.5
992 4.5
993 4.5
994 4.5
995 5.0
996 4.0
997 4.5
998 5.0
999 4.5
1000 5.0
1001 5.0
1002 5.0
1003 4.5
1004 3.5
1005 4.5
1006 5.0
1007 4.0
1008 4.5
1009 5.0
1010 4.0
1011 4.5
1012 4.0
1013 4.5
1014 4.5
1015 4.5
1016 4.5
1017 4.0
1018 4.5
1019 4.5
1020 4.0
1021 4.5
1022 3.0
1023 4.0
1024 5.0
1025 4.5
1026 3.0
1027 4.5
1028 4.0
1029 3.0
1030 5.0
1031 4.5
1032 5.0
1033 5.0
1034 4.5
1035 4.5
1036 5.0
1037 5.0
1038 5.0
1039 3.0
1040 5.0
1041 4.0
1042 5.0
1043 4.5
1044 4.0
1045 3.0
1046 4.0
1047 3.0
1048 4.0
1049 4.5
1050 4.0
1051 5.0
1052 5.0
1053 3.5
1054 4.5
1055 5.0
1056 5.0
1057 5.0
1058 5.0
1059 5.0
1060 4.5
1061 5.0
1062 4.5
1063 4.0
1064 4.0
1065 3.0
1066 5.0
1067 5.0
1068 5.0
1069 4.5
1070 5.0
1071 4.5
1072 5.0
1073 3.5
1074 4.0
1075 2.0
1076 4.5
1077 5.0
1078 5.0
1079 5.0
1080 5.0
1081 4.5
1082 1.0
1083 4.0
1084 5.0
1085 5.0
1086 4.5
1087 4.0
1088 5.0
1089 4.0
1090 4.5
1091 4.5
1092 4.0
1093 5.0
1094 4.5
1095 4.0
1096 4.5
1097 5.0
1098 4.0
1099 3.0
1100 5.0
1101 4.0
1102 4.5
1103 4.5
1104 4.5
1105 2.0
1106 5.0
1107 4.5
1108 4.0
1109 5.0
1110 5.0
1111 4.5
1112 4.5
1113 4.5
1114 5.0
1115 5.0
1116 4.5
1117 4.0
1118 5.0
1119 4.0
1120 5.0
1121 5.0
1122 5.0
1123 4.5
1124 5.0
1125 5.0
1126 4.5
1127 5.0
1128 2.0
1129 4.5
1130 5.0
1131 5.0
1132 5.0
1133 5.0
1134 4.5
1135 4.5
1136 5.0
1137 4.5
1138 4.5
1139 4.5
1140 4.0
1141 5.0
1142 4.0
1143 4.5
1144 4.0
1145 4.5
1146 5.0
1147 5.0
1148 5.0
1149 4.0
1150 5.0
1151 5.0
1152 5.0
1153 5.0
1154 4.0
1155 5.0
1156 3.0
1157 4.0
1158 5.0
1159 5.0
1160 3.0
1161 4.5
1162 4.5
1163 4.0
1164 5.0
1165 4.5
1166 4.5
1167 5.0
1168 5.0
1169 5.0
1170 4.0
1171 5.0
1172 5.0
1173 4.0
1174 4.5
1175 4.5
1176 5.0
1177 3.5
1178 5.0
1179 3.5
1180 5.0
1181 4.0
1182 1.0
1183 4.5
1184 5.0
1185 4.0
1186 5.0
1187 4.5
1188 5.0
1189 4.5
1190 4.5
1191 4.5
1192 4.5
1193 4.0
1194 4.0
1195 4.0
1196 3.5
1197 5.0
1198 4.0
1199 4.5
1200 5.0
1201 2.0
1202 4.5
1203 4.0
1204 4.0
1205 4.5
1206 4.5
1207 5.0
1208 4.0
1209 4.0
1210 4.5
1211 4.5
1212 5.0
1213 5.0
1214 3.0
1215 4.0
1216 5.0
1217 5.0
1218 4.0
1219 4.0
1220 3.0
1221 5.0
1222 5.0
1223 4.5
1224 4.0
1225 5.0
1226 4.0
1227 5.0
1228 5.0
1229 4.5
1230 5.0
1231 4.5
1232 5.0
1233 4.5
1234 4.5
1235 4.0
1236 4.5
1237 4.5
1238 5.0
1239 5.0
1240 5.0
1241 3.5
1242 5.0
1243 5.0
1244 4.0
1245 3.0
1246 4.0
1247 5.0
1248 5.0
1249 5.0
1250 4.5
1251 4.0
1252 2.5
1253 4.5
1254 4.0
1255 5.0
1256 5.0
1257 5.0
1258 4.5
1259 5.0
1260 5.0
1261 3.5
1262 4.5
1263 5.0
1264 4.5
1265 5.0
1266 5.0
1267 3.5
1268 4.0
1269 4.5
1270 5.0
1271 5.0
1272 5.0
1273 3.5
1274 2.5
1275 4.5
1276 4.5
1277 5.0
1278 5.0
1279 5.0
1280 5.0
1281 4.5
1282 4.5
1283 3.0
1284 5.0
1285 5.0
1286 5.0
1287 5.0
1288 4.0
1289 5.0
1290 5.0
1291 5.0
1292 4.5
1293 5.0
1294 4.5
1295 5.0
1296 5.0
1297 5.0
1298 5.0
1299 4.0
1300 5.0
1301 4.0
1302 5.0
1303 5.0
1304 5.0
1305 4.0
1306 4.0
1307 5.0
1308 5.0
1309 4.5
1310 4.0
1311 4.5
1312 3.5
1313 4.0
1314 5.0
1315 3.0
1316 5.0
1317 4.0
1318 5.0
1319 4.5
1320 5.0
1321 5.0
1322 5.0
1323 4.0
1324 5.0
1325 4.0
1326 5.0
1327 5.0
1328 5.0
1329 4.0
1330 1.0
1331 5.0
1332 4.5
1333 4.5
1334 5.0
1335 5.0
1336 4.0
1337 4.5
1338 5.0
1339 4.0
1340 4.0
1341 4.5
1342 5.0
1343 3.5
1344 4.5
1345 2.0
1346 4.0
1347 5.0
1348 4.5
1349 5.0
1350 4.5
1351 5.0
1352 5.0
1353 3.0
1354 4.5
1355 5.0
1356 5.0
1357 4.5
1358 5.0
1359 5.0
1360 4.5
1361 4.0
1362 4.5
1363 4.0
1364 4.5
1365 5.0
1366 3.5
1367 5.0
1368 5.0
1369 5.0
1370 5.0
1371 5.0
1372 5.0
1373 3.0
1374 4.5
1375 5.0
1376 5.0
1377 5.0
1378 4.0
1379 5.0
1380 5.0
1381 4.0
1382 5.0
1383 4.5
1384 4.5
1385 4.5
1386 4.0
1387 5.0
1388 4.0
1389 4.5
1390 4.0
1391 3.0
1392 3.0
1393 5.0
1394 5.0
1395 5.0
1396 3.0
1397 5.0
1398 4.0
1399 5.0
1400 5.0
1401 4.5
1402 5.0
1403 4.5
1404 4.5
1405 3.5
1406 5.0
1407 3.5
1408 3.0
1409 5.0
1410 4.5
1411 3.5
1412 4.5
1413 3.5
1414 5.0
1415 5.0
1416 4.0
1417 4.0
1418 4.5
1419 5.0
1420 5.0
1421 5.0
1422 5.0
1423 3.0
1424 4.5
1425 5.0
1426 4.0
1427 4.0
1428 5.0
1429 4.5
1430 5.0
1431 1.0
1432 4.5
1433 5.0
1434 4.0
1435 5.0
1436 5.0
1437 3.5
1438 4.5
1439 5.0
1440 4.5
1441 3.5
1442 4.0
1443 4.5
1444 5.0
1445 4.5
1446 5.0
1447 4.0
1448 4.0
1449 5.0
1450 4.5
1451 4.5
1452 4.5
1453 5.0
1454 5.0
1455 5.0
1456 5.0
1457 4.0
1458 4.5
1459 5.0
1460 5.0
1461 5.0
1462 5.0
1463 4.5
1464 4.5
1465 4.5
1466 4.5
1467 5.0
1468 2.5
1469 5.0
1470 5.0
1471 4.5
1472 5.0
1473 5.0
1474 5.0
1475 4.5
1476 4.5
1477 4.0
1478 4.5
1479 5.0
1480 5.0
1481 4.0
1482 5.0
1483 5.0
1484 4.0
1485 4.0
1486 5.0
1487 5.0
1488 4.5
1489 4.0
1490 5.0
1491 5.0
1492 5.0
1493 5.0
1494 4.0
1495 4.5
1496 4.5
1497 5.0
1498 5.0
1499 5.0
1500 2.5
1501 5.0
1502 3.0
1503 5.0
1504 4.5
1505 4.0
1506 5.0
1507 3.0
1508 5.0
1509 4.5
1510 5.0
1511 5.0
1512 5.0
1513 5.0
1514 4.0
1515 5.0
1516 3.0
1517 4.5
1518 3.0
1519 5.0
1520 5.0
1521 5.0
1522 5.0
1523 4.5
1524 5.0
1525 5.0
1526 4.5
1527 5.0
1528 4.0
1529 5.0
1530 1.0
1531 5.0
1532 5.0
1533 3.5
1534 4.5
1535 3.5
1536 4.5
1537 5.0
1538 5.0
1539 5.0
1540 4.0
1541 5.0
1542 4.5
1543 4.5
1544 5.0
1545 4.0
1546 4.5
1547 5.0
1548 4.0
1549 5.0
1550 5.0
1551 5.0
1552 2.5
1553 5.0
1554 5.0
1555 5.0
1556 4.0
1557 4.0
1558 5.0
1559 5.0
1560 5.0
1561 4.5
1562 4.0
1563 5.0
1564 4.5
1565 4.5
1566 5.0
1567 4.5
1568 4.5
1569 5.0
1570 5.0
1571 5.0
1572 5.0
1573 4.0
1574 5.0
1575 4.5
1576 5.0
1577 5.0
1578 4.0
1579 3.5
1580 5.0
1581 5.0
1582 5.0
1583 5.0
1584 5.0
1585 5.0
1586 5.0
1587 4.0
1588 5.0
1589 5.0
1590 4.5
1591 3.0
1592 5.0
1593 4.5
1594 5.0
1595 4.5
1596 4.0
1597 5.0
1598 5.0
1599 4.0
1600 5.0
1601 5.0
1602 5.0
1603 4.0
1604 5.0
1605 5.0
1606 4.5
1607 5.0
1608 3.5
1609 5.0
1610 4.0
1611 4.0
1612 4.5
1613 5.0
1614 5.0
1615 5.0
1616 2.0
1617 5.0
1618 5.0
1619 4.5
1620 4.5
1621 4.0
1622 5.0
1623 4.5
1624 4.5
1625 4.0
1626 5.0
1627 4.5
1628 5.0
1629 4.0
1630 3.5
1631 5.0
1632 5.0
1633 3.0
1634 4.0
1635 5.0
1636 3.0
1637 4.0
1638 5.0
1639 4.5
1640 5.0
1641 4.0
1642 4.5
1643 4.5
1644 3.0
1645 5.0
1646 4.0
1647 5.0
1648 5.0
1649 5.0
1650 4.5
1651 5.0
1652 5.0
1653 5.0
1654 5.0
1655 3.0
1656 5.0
1657 4.5
1658 5.0
1659 4.5
1660 5.0
1661 4.0
1662 5.0
1663 4.0
1664 5.0
1665 5.0
1666 5.0
1667 5.0
1668 5.0
1669 4.5
1670 4.5
1671 4.5
1672 4.5
1673 4.5
1674 5.0
1675 4.0
1676 5.0
1677 5.0
1678 3.0
1679 5.0
1680 5.0
1681 5.0
1682 4.0
1683 5.0
1684 5.0
1685 5.0
1686 5.0
1687 5.0
1688 5.0
1689 1.0
1690 5.0
1691 4.0
1692 5.0
1693 5.0
1694 5.0
1695 5.0
1696 4.0
1697 5.0
1698 5.0
1699 5.0
1700 5.0
1701 3.5
1702 4.0
1703 5.0
1704 5.0
1705 4.0
1706 5.0
1707 4.0
1708 5.0
1709 4.0
1710 5.0
1711 2.5
1712 5.0
1713 4.0
1714 4.0
1715 3.0
1716 2.5
1717 5.0
1718 5.0
1719 5.0
1720 4.0
1721 3.5
1722 4.5
1723 5.0
1724 5.0
1725 5.0
1726 4.0
1727 3.0
1728 5.0
1729 4.5
1730 5.0
1731 5.0
1732 4.5
1733 5.0
1734 5.0
1735 5.0
1736 4.0
1737 4.5
1738 3.0
1739 5.0
1740 3.0
1741 5.0
1742 5.0
1743 5.0
1744 5.0
1745 5.0
1746 4.5
1747 5.0
1748 5.0
1749 3.0
1750 3.5
1751 5.0
1752 5.0
1753 3.5
1754 5.0
1755 5.0
1756 5.0
1757 5.0
1758 5.0
1759 4.5
1760 4.5
1761 3.0
1762 5.0
1763 5.0
1764 5.0
1765 5.0
1766 4.5
1767 5.0
1768 4.0
1769 5.0
1770 5.0
1771 5.0
1772 4.5
1773 5.0
1774 4.5
1775 5.0
1776 3.0
1777 4.0
1778 4.5
1779 5.0
1780 5.0
1781 3.0
1782 4.0
1783 5.0
1784 4.5
1785 4.0
1786 4.5
1787 5.0
1788 3.0
1789 3.0
1790 4.0
1791 3.5
1792 5.0
1793 5.0
1794 5.0
1795 5.0
1796 5.0
1797 5.0
1798 4.0
1799 4.0
1800 4.0
1801 5.0
1802 5.0
1803 5.0
1804 5.0
1805 4.0
1806 5.0
1807 5.0
1808 5.0
1809 5.0
1810 5.0
1811 4.5
1812 4.5
1813 5.0
1814 4.5
1815 3.0
1816 5.0
1817 5.0
1818 4.5
1819 5.0
1820 5.0
1821 4.0
1822 3.0
1823 3.0
1824 3.0
1825 4.5
1826 5.0
1827 5.0
1828 4.0
1829 4.5
1830 5.0
1831 5.0
1832 5.0
1833 4.5
1834 5.0
1835 4.5
1836 5.0
1837 4.0
1838 4.5
1839 5.0
1840 5.0
1841 5.0
1842 5.0
1843 2.0
1844 5.0
1845 5.0
1846 4.5
1847 4.5
1848 2.0
1849 5.0
1850 5.0
1851 5.0
1852 4.5
1853 5.0
1854 5.0
1855 5.0
1856 4.0
1857 4.0
1858 5.0
1859 4.0
1860 4.5
1861 5.0
1862 1.0
1863 5.0
1864 5.0
1865 5.0
1866 5.0
1867 4.0
1868 5.0
1869 5.0
1870 3.5
1871 4.0
1872 5.0
1873 3.0
1874 5.0
1875 5.0
1876 2.5
1877 5.0
1878 5.0
1879 4.5
1880 4.5
1881 5.0
1882 3.5
1883 5.0
1884 5.0
1885 5.0
1886 3.0
1887 5.0
1888 4.5
1889 2.0
1890 5.0
1891 4.0
1892 4.5
1893 3.5
1894 5.0
1895 4.5
1896 5.0
1897 5.0
1898 5.0
1899 5.0
1900 4.5
1901 5.0
1902 4.5
1903 4.5
1904 2.0
1905 5.0
1906 5.0
1907 5.0
1908 4.0
1909 4.5
1910 5.0
1911 5.0
1912 5.0
1913 5.0
1914 5.0
1915 5.0
1916 5.0
1917 4.0
1918 5.0
1919 3.0
1920 5.0
1921 5.0
1922 4.0
1923 4.0
1924 5.0
1925 2.5
1926 3.0
1927 5.0
1928 5.0
1929 5.0
1930 5.0
1931 5.0
1932 5.0
1933 5.0
1934 4.0
1935 5.0
1936 5.0
1937 2.0
1938 5.0
1939 4.0
1940 4.5
1941 5.0
1942 5.0
1943 5.0
1944 2.0
1945 5.0
1946 3.0
1947 5.0
1948 5.0
1949 5.0
1950 4.0
1951 5.0
1952 5.0
1953 5.0
1954 5.0
1955 5.0
1956 5.0
1957 4.5
1958 5.0
1959 4.5
1960 4.0
1961 5.0
1962 5.0
1963 5.0
1964 5.0
1965 5.0
1966 5.0
1967 4.0
1968 5.0
1969 5.0
1970 5.0
1971 5.0
1972 3.0
1973 5.0
1974 4.5
1975 2.5
1976 4.5
1977 5.0
1978 4.5
1979 4.5
1980 4.5
1981 4.0
1982 4.5
1983 3.5
1984 4.0
1985 4.5
1986 5.0
1987 3.0
1988 1.0
1989 4.0
1990 4.0
1991 4.0
1992 5.0
1993 5.0
1994 5.0
1995 5.0
1996 5.0
1997 4.5
1998 3.0
1999 5.0
2000 5.0
2001 4.0
2002 1.0
2003 3.0
2004 3.0
2005 5.0
2006 5.0
2007 5.0
2008 5.0
2009 1.0
2010 5.0
2011 5.0
2012 5.0
2013 5.0
2014 5.0
2015 5.0
2016 1.0
2017 5.0
2018 4.5
2019 5.0
2020 5.0
2021 4.0
2022 4.0
2023 4.5
2024 4.0
2025 5.0
2026 5.0
2027 5.0
2028 5.0
2029 5.0
2030 3.5
2031 5.0
2032 4.0
2033 5.0
2034 5.0
2035 5.0
2036 5.0
2037 5.0
2038 5.0
2039 3.5
2040 5.0
2041 5.0
2042 4.5
2043 4.5
2044 5.0
2045 5.0
2046 5.0
2047 5.0
2048 5.0
2049 5.0
2050 4.0
2051 2.0
2052 4.0
2053 4.0
2054 5.0
2055 5.0
2056 4.5
2057 4.0
2058 5.0
2059 5.0
2060 1.5
2061 4.5
2062 5.0
2063 5.0
2064 3.0
2065 3.0
2066 5.0
2067 2.0
2068 5.0
2069 5.0
2070 5.0
2071 5.0
2072 1.0
2073 5.0
2074 4.0
2075 5.0
2076 5.0
2077 5.0
2078 5.0
2079 5.0
2080 4.0
2081 4.0
2082 5.0
2083 5.0
2084 5.0
2085 4.5
2086 5.0
2087 4.0
2088 3.5
2089 4.0
2090 5.0
2091 3.0
2092 4.5
2093 3.0
2094 5.0
2095 4.0
2096 5.0
2097 5.0
2098 5.0
2099 1.0
2100 5.0
2101 5.0
2102 3.0
2103 5.0
2104 3.0
2105 3.0
2106 2.5
2107 5.0
2108 5.0
2109 5.0
2110 5.0
2111 5.0
2112 5.0
2113 5.0
2114 4.0
2115 5.0
2116 5.0
2117 5.0
2118 5.0
2119 4.5
2120 5.0
2121 5.0
2122 4.0
2123 3.0
2124 5.0
2125 5.0
2126 5.0
2127 5.0
2128 4.0
2129 4.0
2130 5.0
2131 5.0
2132 4.0
2133 5.0
2134 5.0
2135 3.0
2136 5.0
2137 5.0
2138 5.0
2139 5.0
2140 5.0
2141 5.0
2142 5.0
2143 5.0
2144 5.0
2145 1.0
2146 5.0
2147 3.0
2148 5.0
2149 5.0
2150 5.0
2151 4.0
2152 5.0
2153 1.0
2154 5.0
2155 5.0
2156 5.0
2157 5.0
2158 3.0
2159 3.0
2160 5.0
2161 5.0
2162 4.0
2163 3.0
2164 5.0
2165 4.0
2166 4.0
2167 1.0
2168 4.0
2169 5.0
2170 5.0
2171 5.0
2172 5.0
2173 5.0
2174 4.0
2175 2.0
2176 5.0
2177 4.5
2178 5.0
2179 5.0
2180 4.0
2181 4.0
2182 4.0
2183 5.0
2184 5.0
2185 5.0
2186 5.0
2187 5.0
2188 5.0
2189 4.5
2190 5.0
2191 5.0
2192 3.0
2193 4.0
2194 5.0
2195 5.0
2196 3.0
2197 5.0
2198 5.0
2199 5.0
2200 5.0
2201 5.0
2202 5.0
2203 4.0
2204 3.0
2205 5.0
2206 5.0
2207 5.0
2208 5.0
2209 5.0
2210 4.0
2211 4.0
2212 4.0
2213 5.0
2214 2.0
2215 1.0
2216 5.0
2217 5.0
2218 5.0
2219 4.5
2220 5.0
2221 5.0
2222 5.0
2223 4.0
2224 5.0
2225 4.0
2226 4.0
2227 4.0
2228 5.0
2229 5.0
2230 5.0
2231 5.0
2232 3.0
2233 5.0
2234 4.5
2235 4.5
2236 4.0
2237 5.0
2238 5.0
2239 5.0
2240 5.0
2241 5.0
2242 5.0
2243 4.0
2244 5.0
2245 5.0
2246 5.0
2247 5.0
2248 3.0
2249 5.0
2250 5.0
2251 5.0
2252 5.0
2253 5.0
2254 4.0
2255 4.0
2256 5.0
2257 5.0
2258 5.0
2259 4.0
2260 5.0
2261 4.0
2262 5.0
2263 3.0
2264 2.0
2265 4.0
2266 4.0
2267 4.0
2268 5.0
2269 3.5
2270 5.0
2271 4.0
2272 4.0
2273 5.0
2274 5.0
2275 5.0
2276 4.0
2277 5.0
2278 4.0
2279 5.0
2280 5.0
2281 5.0
2282 1.0
2283 5.0
2284 5.0
2285 5.0
2286 4.0
2287 5.0
2288 5.0
2289 5.0
2290 5.0
2291 5.0
2292 5.0
2293 5.0
2294 5.0
2295 4.5
2296 5.0
2297 5.0
2298 4.0
2299 5.0
2300 5.0
2301 3.0
2302 5.0
2303 5.0
2304 4.0
2305 5.0
2306 5.0
2307 5.0
2308 5.0
2309 5.0
2310 5.0
2311 1.0
2312 5.0
2313 5.0
2314 5.0
2315 1.0
2316 5.0
2317 4.0
2318 5.0
2319 4.0
2320 3.0
2321 5.0
2322 5.0
2323 5.0
2324 5.0
2325 5.0
2326 5.0
2327 5.0
2328 5.0
2329 5.0
2330 5.0
2331 5.0
2332 5.0
2333 5.0
2334 3.0
2335 5.0
2336 4.0
2337 5.0
2338 3.0
2339 5.0
2340 5.0
2341 3.0
2342 5.0
2343 4.0
2344 5.0
2345 5.0
2346 5.0
2347 3.0
2348 5.0
2349 5.0
2350 3.0
2351 5.0
2352 5.0
2353 5.0
2354 5.0
2355 5.0
2356 5.0
2357 3.5
2358 5.0
2359 5.0
2360 5.0
2361 5.0
2362 3.0
2363 5.0
2364 5.0
2365 4.0
2366 5.0
2367 3.0
2368 3.0
2369 5.0
2370 5.0
2371 5.0
2372 5.0
2373 5.0
2374 5.0
2375 5.0
2376 5.0
2377 5.0
2378 5.0
2379 3.0
2380 4.0
2381 3.0
2382 5.0
2383 5.0
2384 5.0
2385 5.0
2386 5.0
2387 5.0
2388 5.0
2389 5.0
2390 5.0
2391 5.0
2392 5.0
2393 5.0
2394 5.0
2395 3.0
2396 3.0
2397 5.0
2398 5.0
2399 5.0
2400 5.0
2401 5.0
2402 5.0
2403 5.0
2404 1.0
2405 4.0
2406 5.0
2407 3.0
2408 1.0
2409 5.0
2410 5.0
2411 5.0
2412 5.0
2413 5.0
2414 5.0
2415 5.0
2416 5.0
2417 5.0
2418 4.0
2419 4.0
2420 5.0
2421 5.0
2422 5.0
2423 5.0
2424 5.0
2425 4.0
2426 5.0
2427 3.0
2428 5.0
2429 4.0
2430 3.0
2431 5.0
2432 5.0
2433 5.0
2434 5.0
2435 5.0
2436 5.0
2437 5.0
2438 4.0
2439 5.0
2440 5.0
2441 5.0
2442 1.0
2443 5.0
2444 5.0
2445 5.0
2446 5.0
2447 1.0
2448 5.0
2449 5.0
2450 5.0
2451 5.0
2452 4.0
2453 5.0
2454 5.0
2455 3.0
2456 5.0
2457 3.0
2458 5.0
2459 5.0
2460 5.0
2461 5.0
2462 4.0
2463 3.0
2464 5.0
2465 5.0
2466 4.0
2467 5.0
2468 5.0
2469 5.0
2470 5.0
2471 5.0
2472 2.0
2473 5.0
2474 3.0
2475 5.0
2476 5.0
2477 5.0
2478 1.0
2479 4.0
2480 4.0
2481 1.0
2482 4.5
2483 4.5
2484 5.0
2485 4.0
2486 4.0
2487 4.5
2488 3.5
2489 3.0
2490 4.5
2491 4.5
2492 3.5
2493 3.0
2494 4.0
2495 5.0
2496 3.5
2497 5.0
2498 5.0
2499 5.0
2500 5.0
2501 4.5
2502 4.0
2503 4.0
2504 4.5
2505 3.0
2506 5.0
2507 5.0
2508 4.0
2509 5.0
2510 5.0
2511 4.5
2512 2.0
2513 3.5
2514 4.0
2515 4.0
2516 4.0
2517 5.0
2518 4.5
2519 4.0
2520 5.0
2521 5.0
2522 5.0
2523 2.0
2524 4.5
2525 2.5
2526 4.0
2527 5.0
2528 4.0
2529 5.0
2530 4.5
2531 4.5
2532 4.0
2533 3.5
2534 3.5
2535 5.0
2536 3.0
2537 5.0
2538 5.0
2539 4.0
2540 5.0
2541 4.5
2542 4.0
2543 5.0
2544 4.5
2545 4.5
2546 4.0
2547 5.0
2548 5.0
2549 4.0
2550 5.0
2551 4.5
2552 4.0
2553 4.5
2554 3.5
2555 5.0
2556 4.0
2557 5.0
2558 4.0
2559 4.5
2560 4.5
2561 5.0
2562 4.5
2563 5.0
2564 5.0
2565 5.0
2566 3.0
2567 3.5
2568 4.0
2569 4.5
2570 3.0
2571 3.5
2572 4.0
2573 4.5
2574 5.0
2575 5.0
2576 4.0
2577 5.0
2578 5.0
2579 4.5
2580 4.5
2581 4.0
2582 3.5
2583 4.0
2584 4.5
2585 5.0
2586 5.0
2587 5.0
2588 4.5
2589 5.0
2590 4.5
2591 4.5
2592 4.5
2593 4.5
2594 4.0
2595 5.0
2596 5.0
2597 4.0
2598 4.5
2599 5.0
2600 3.5
2601 4.5
2602 4.5
2603 4.0
2604 4.0
2605 1.0
2606 4.0
2607 3.0
2608 5.0
2609 3.0
2610 2.5
2611 4.0
2612 2.0
2613 3.5
2614 5.0
2615 5.0
2616 2.0
2617 5.0
2618 3.0
2619 5.0
2620 5.0
2621 5.0
2622 2.0
2623 2.0
2624 4.5
2625 5.0
2626 5.0
2627 1.0
2628 4.0
2629 3.5
2630 4.0
2631 5.0
2632 3.0
2633 4.5
2634 5.0
2635 5.0
2636 5.0
2637 5.0
2638 5.0
2639 5.0
2640 3.5
2641 3.5
2642 1.0
2643 5.0
2644 4.0
2645 3.5
2646 5.0
2647 1.0
2648 5.0
2649 4.0
2650 4.0
2651 5.0
2652 5.0
2653 3.0
2654 2.0
2655 5.0
2656 3.5
2657 4.5
2658 4.5
2659 5.0
2660 3.0
2661 3.0
2662 3.0
2663 4.0
2664 4.0
2665 4.0
2666 5.0
2667 3.5
2668 1.0
2669 5.0
2670 4.5
2671 5.0
2672 5.0
2673 2.0
2674 1.0
2675 5.0
2676 1.0
2677 5.0
2678 5.0
2679 5.0
2680 3.0
2681 5.0
2682 5.0
2683 2.5
2684 1.0
2685 5.0
2686 5.0
2687 3.0
2688 5.0
2689 4.0
2690 1.0
2691 4.0
2692 5.0
2693 5.0
2694 5.0
2695 5.0
2696 1.0
2697 5.0
2698 5.0
2699 1.0
2700 4.0
2701 5.0
2702 1.0
2703 5.0
2704 3.0
2705 5.0
2706 5.0
2707 5.0
2708 5.0
2709 1.0
2710 5.0
2711 1.0
2712 1.0
2713 4.0
2714 4.0
2715 3.5
2716 4.5
2717 1.0
2718 4.0
2719 4.0
2720 4.5
2721 5.0
2722 4.5
2723 4.5
2724 4.0
2725 5.0
2726 4.5
2727 5.0
2728 4.0
2729 5.0
2730 5.0
2731 4.5
2732 4.0
2733 4.5
2734 3.0
2735 3.5
2736 4.0
2737 4.5
2738 5.0
2739 4.0
2740 4.0
2741 5.0
2742 5.0
2743 4.0
2744 4.5
2745 4.0
2746 3.5
2747 4.0
2748 4.0
2749 4.0
2750 4.5
2751 4.0
2752 1.0
2753 5.0
2754 4.0
2755 4.5
2756 4.5
2757 3.5
2758 5.0
2759 4.0
2760 3.0
2761 4.0
2762 4.0
2763 5.0
2764 4.5
2765 3.5
2766 5.0
2767 3.5
2768 4.5
2769 3.5
2770 5.0
2771 4.5
2772 4.0
2773 4.0
2774 5.0
2775 4.5
2776 4.5
2777 5.0
2778 5.0
2779 4.5
2780 5.0
2781 4.0
2782 4.5
2783 3.5
2784 3.5
2785 4.0
2786 3.0
2787 4.5
2788 4.0
2789 4.5
2790 4.5
2791 4.0
2792 4.5
2793 4.5
2794 4.5
2795 4.5
2796 5.0
2797 4.5
2798 4.0
2799 3.5
2800 3.0
2801 3.5
2802 4.5
2803 5.0
2804 3.5
2805 4.0
2806 3.5
2807 5.0
2808 4.5
2809 4.5
2810 4.0
2811 5.0
2812 4.0
2813 4.0
2814 4.5
2815 4.5
2816 4.5
2817 4.0
2818 4.5
2819 4.5
2820 4.5
2821 4.0
2822 3.5
2823 5.0
2824 4.5
2825 5.0
2826 4.0
2827 4.0
2828 4.5
2829 5.0
2830 4.5
2831 4.0
2832 4.5
2833 5.0
2834 4.5
2835 4.0
2836 4.5
2837 4.0
2838 5.0
2839 5.0
2840 4.5
2841 5.0
2842 4.5
2843 4.0
2844 4.0
2845 4.5
2846 5.0
2847 5.0
2848 4.0
2849 4.0
2850 5.0
2851 4.0
2852 5.0
2853 3.5
2854 5.0
2855 5.0
2856 4.5
2857 4.5
2858 3.5
2859 3.5
2860 4.0
2861 4.5
2862 4.5
2863 2.5
2864 3.5
2865 4.5
2866 5.0
2867 4.5
2868 3.0
2869 4.0
2870 5.0
2871 4.5
2872 4.5
2873 5.0
2874 4.5
2875 3.5
2876 3.5
2877 4.0
2878 4.5
2879 4.0
2880 5.0
2881 4.0
2882 4.5
2883 4.5
2884 4.5
2885 4.0
2886 4.5
2887 4.0
2888 4.0
2889 5.0
2890 5.0
2891 5.0
2892 5.0
2893 4.5
2894 3.0
2895 4.5
2896 4.5
2897 4.5
2898 5.0
2899 4.5
2900 4.5
2901 4.5
2902 4.0
2903 4.5
2904 4.0
2905 3.0
2906 4.5
2907 5.0
2908 3.5
2909 4.5
2910 4.5
2911 2.5
2912 3.5
2913 5.0
2914 4.5
2915 5.0
2916 3.5
2917 5.0
2918 4.0
2919 4.0
2920 4.0
2921 4.0
2922 4.0
2923 2.5
2924 4.5
2925 4.0
2926 4.0
2927 3.5
2928 4.0
2929 3.5
2930 4.5
2931 3.0
2932 4.5
2933 4.0
2934 4.0
2935 4.0
2936 3.0
2937 2.0
2938 5.0
2939 4.0
2940 4.5
2941 4.0
2942 4.5
2943 5.0
2944 5.0
2945 5.0
2946 4.0
2947 4.5
2948 4.0
2949 4.5
2950 3.5
2951 5.0
2952 4.5
2953 4.5
2954 4.0
2955 4.0
2956 5.0
2957 4.0
2958 4.5
2959 4.5
2960 4.0
2961 4.5
2962 4.5
2963 5.0
2964 4.5
2965 4.5
2966 4.0
2967 5.0
2968 4.0
2969 2.5
2970 3.0
2971 5.0
2972 4.5
2973 5.0
2974 4.5
2975 4.5
2976 4.0
2977 3.5
2978 4.0
2979 5.0
2980 4.5
2981 4.5
2982 5.0
2983 5.0
2984 4.0
2985 4.5
2986 4.0
2987 4.0
2988 4.5
2989 4.5
2990 5.0
2991 4.5
2992 4.5
2993 4.5
2994 4.5
2995 4.5
2996 4.0
2997 4.0
2998 5.0
2999 4.5
3000 5.0
3001 5.0
3002 5.0
3003 3.5
3004 4.0
3005 4.5
3006 5.0
3007 5.0
3008 5.0
3009 4.0
3010 5.0
3011 3.5
3012 5.0
3013 4.0
3014 4.5
3015 4.0
3016 4.5
3017 5.0
3018 4.5
3019 5.0
3020 4.5
3021 4.0
3022 4.0
3023 4.5
3024 5.0
3025 4.5
3026 4.0
3027 5.0
3028 3.5
3029 5.0
3030 4.5
3031 5.0
3032 4.5
3033 3.5
3034 4.5
3035 3.5
3036 4.5
3037 5.0
3038 4.0
3039 5.0
3040 4.5
3041 4.0
3042 4.0
3043 1.0
3044 5.0
3045 4.0
3046 4.5
3047 3.0
3048 4.5
3049 4.5
3050 4.5
3051 5.0
3052 4.0
3053 5.0
3054 4.5
3055 4.5
3056 5.0
3057 3.5
3058 4.0
3059 5.0
3060 5.0
3061 5.0
3062 4.5
3063 5.0
3064 5.0
3065 4.5
3066 5.0
3067 3.0
3068 5.0
3069 5.0
3070 4.5
3071 5.0
3072 4.5
3073 3.5
3074 5.0
3075 4.0
3076 4.0
3077 1.0
3078 4.0
3079 4.0
3080 3.0
3081 4.5
3082 4.0
3083 3.0
3084 4.0
3085 5.0
3086 3.5
3087 4.5
3088 5.0
3089 4.0
3090 5.0
3091 4.5
3092 4.0
3093 4.5
3094 4.5
3095 4.0
3096 5.0
3097 5.0
3098 5.0
3099 4.0
3100 5.0
3101 4.0
3102 5.0
3103 5.0
3104 4.5
3105 4.5
3106 5.0
3107 4.0
3108 4.0
3109 5.0
3110 5.0
3111 4.0
3112 3.5
3113 5.0
3114 4.5
3115 4.5
3116 3.5
3117 4.5
3118 4.5
3119 5.0
3120 5.0
3121 4.5
3122 4.5
3123 5.0
3124 4.0
3125 5.0
3126 4.5
3127 4.5
3128 4.5
3129 4.0
3130 4.5
3131 4.5
3132 4.5
3133 5.0
3134 4.0
3135 5.0
3136 5.0
3137 5.0
3138 4.0
3139 3.0
3140 4.5
3141 3.5
3142 1.0
3143 5.0
3144 4.5
3145 5.0
3146 4.0
3147 4.5
3148 4.0
3149 4.0
3150 4.5
3151 5.0
3152 3.5
3153 4.5
3154 5.0
3155 4.5
3156 5.0
3157 3.5
3158 4.5
3159 5.0
3160 3.0
3161 1.0
3162 2.5
3163 5.0
3164 4.5
3165 5.0
3166 3.0
3167 4.0
3168 4.0
3169 4.5
3170 3.0
3171 4.5
3172 4.5
3173 4.0
3174 4.5
3175 4.5
3176 5.0
3177 5.0
3178 4.0
3179 5.0
3180 4.0
3181 4.0
3182 5.0
3183 4.0
3184 4.0
3185 4.5
3186 3.0
3187 4.5
3188 5.0
3189 4.5
3190 3.0
3191 4.5
3192 3.5
3193 4.5
3194 5.0
3195 5.0
3196 3.5
3197 4.5
3198 5.0
3199 5.0
3200 3.5
3201 3.5
3202 5.0
3203 3.0
3204 4.5
3205 3.5
3206 4.0
3207 3.5
3208 3.5
3209 5.0
3210 3.0
3211 5.0
3212 4.5
3213 5.0
3214 4.5
3215 4.5
3216 4.5
3217 4.5
3218 3.0
3219 2.5
3220 4.5
3221 5.0
3222 4.5
3223 4.0
3224 4.5
3225 5.0
3226 4.0
3227 5.0
3228 4.0
3229 4.5
3230 4.5
3231 4.0
3232 4.5
3233 5.0
3234 4.0
3235 3.5
3236 4.5
3237 4.0
3238 4.5
3239 5.0
3240 5.0
3241 5.0
3242 4.5
3243 4.0
3244 5.0
3245 4.0
3246 5.0
3247 5.0
3248 4.5
3249 3.0
3250 4.0
3251 4.0
3252 5.0
3253 5.0
3254 4.0
3255 5.0
3256 3.5
3257 4.5
3258 5.0
3259 2.0
3260 4.5
3261 5.0
3262 4.0
3263 4.0
3264 4.5
3265 3.0
3266 4.5
3267 4.0
3268 5.0
3269 5.0
3270 5.0
3271 4.0
3272 3.0
3273 5.0
3274 4.0
3275 4.5
3276 4.5
3277 5.0
3278 5.0
3279 5.0
3280 4.0
3281 5.0
3282 4.5
3283 3.0
3284 4.5
3285 5.0
3286 5.0
3287 5.0
3288 3.0
3289 5.0
3290 2.0
3291 4.5
3292 3.5
3293 3.0
3294 5.0
3295 3.0
3296 5.0
3297 4.5
3298 4.5
3299 5.0
3300 5.0
3301 4.0
3302 3.0
3303 4.0
3304 5.0
3305 5.0
3306 5.0
3307 4.5
3308 4.5
3309 4.5
3310 4.0
3311 4.5
3312 2.5
3313 5.0
3314 3.5
3315 3.5
3316 4.0
3317 3.5
3318 5.0
3319 4.0
3320 5.0
3321 4.5
3322 4.0
3323 5.0
3324 4.5
3325 4.0
3326 4.5
3327 4.0
3328 4.0
3329 4.5
3330 4.5
3331 4.5
3332 5.0
3333 4.0
3334 4.5
3335 4.5
3336 1.0
3337 5.0
3338 4.5
3339 5.0
3340 3.5
3341 4.5
3342 4.0
3343 5.0
3344 4.5
3345 4.5
3346 4.0
3347 5.0
3348 4.5
3349 4.0
3350 5.0
3351 4.5
3352 3.0
3353 4.0
3354 2.0
3355 4.5
3356 5.0
3357 5.0
3358 4.5
3359 4.0
3360 4.5
3361 3.5
3362 5.0
3363 4.0
3364 4.5
3365 4.0
3366 4.5
3367 5.0
3368 3.0
3369 4.0
3370 5.0
3371 2.5
3372 5.0
3373 5.0
3374 4.0
3375 5.0
3376 3.5
3377 5.0
3378 4.5
3379 3.5
3380 5.0
3381 4.5
3382 3.5
3383 5.0
3384 4.5
3385 1.0
3386 5.0
3387 4.5
3388 4.0
3389 5.0
3390 5.0
3391 5.0
3392 2.5
3393 4.5
3394 5.0
3395 4.0
3396 4.5
3397 5.0
3398 4.0
3399 3.5
3400 3.0
3401 5.0
3402 5.0
3403 5.0
3404 1.5
3405 4.0
3406 4.5
3407 3.0
3408 5.0
3409 5.0
3410 4.5
3411 5.0
3412 5.0
3413 4.5
3414 1.0
3415 4.5
3416 5.0
3417 4.5
3418 1.0
3419 3.0
3420 4.0
3421 3.0
3422 4.5
3423 5.0
3424 5.0
3425 5.0
3426 5.0
3427 5.0
3428 3.5
3429 5.0
3430 4.5
3431 4.0
3432 4.0
3433 4.5
3434 5.0
3435 3.0
3436 5.0
3437 4.5
3438 4.5
3439 4.0
3440 2.5
3441 5.0
3442 3.0
3443 4.5
3444 4.0
3445 5.0
3446 4.0
3447 5.0
3448 4.5
3449 4.5
3450 4.5
3451 4.0
3452 4.0
3453 3.5
3454 5.0
3455 4.0
3456 4.5
3457 2.5
3458 5.0
3459 5.0
3460 2.0
3461 1.0
3462 4.5
3463 4.0
3464 2.5
3465 4.0
3466 4.0
3467 5.0
3468 4.5
3469 5.0
3470 3.0
3471 3.5
3472 4.5
3473 3.0
3474 3.5
3475 3.0
3476 5.0
3477 1.0
3478 4.5
3479 4.0
3480 4.5
3481 3.0
3482 4.0
3483 5.0
3484 4.5
3485 1.0
3486 4.5
3487 4.0
3488 3.5
3489 5.0
3490 4.0
3491 5.0
3492 4.0
3493 5.0
3494 5.0
3495 4.5
3496 2.5
3497 5.0
3498 5.0
3499 1.0
3500 4.0
3501 5.0
3502 4.5
3503 4.5
3504 5.0
3505 4.5
3506 5.0
3507 4.5
3508 5.0
3509 3.5
3510 3.5
3511 4.0
3512 4.5
3513 1.0
3514 5.0
3515 4.0
3516 5.0
3517 3.0
3518 5.0
3519 4.0
3520 1.0
3521 3.5
3522 5.0
3523 1.0
3524 4.0
3525 4.0
3526 5.0
3527 5.0
3528 4.5
3529 5.0
3530 5.0
3531 4.0
3532 5.0
3533 4.0
3534 5.0
3535 5.0
3536 5.0
3537 4.5
3538 4.0
3539 1.0
3540 4.0
3541 1.0
3542 4.5
3543 4.5
3544 4.0
3545 3.0
3546 3.5
3547 5.0
3548 4.5
3549 5.0
3550 3.0
3551 2.0
3552 5.0
3553 4.5
3554 4.5
3555 5.0
3556 5.0
3557 5.0
3558 4.0
3559 3.0
3560 5.0
3561 5.0
3562 5.0
3563 4.5
3564 3.5
3565 3.5
3566 5.0
3567 2.5
3568 5.0
3569 5.0
3570 2.5
3571 1.0
3572 5.0
3573 2.0
3574 5.0
3575 4.5
3576 3.5
3577 3.0
3578 4.0
3579 2.5
3580 5.0
3581 4.5
3582 3.5
3583 5.0
3584 4.0
3585 4.0
3586 3.5
3587 3.0
3588 4.0
3589 5.0
3590 5.0
3591 4.5
3592 5.0
3593 5.0
3594 5.0
3595 5.0
3596 5.0
3597 5.0
3598 5.0
3599 2.0
3600 1.5
3601 3.0
3602 5.0
3603 4.5
3604 4.0
3605 2.5
3606 5.0
3607 5.0
3608 3.0
3609 3.0
3610 4.0
3611 5.0
3612 4.5
3613 3.0
3614 5.0
3615 4.5
3616 5.0
3617 4.5
3618 5.0
3619 4.5
3620 3.0
3621 4.0
3622 4.5
3623 5.0
3624 4.5
3625 3.5
3626 5.0
3627 1.5
3628 5.0
3629 5.0
3630 5.0
3631 3.5
3632 5.0
3633 3.5
3634 5.0
3635 5.0
3636 4.5
3637 5.0
3638 5.0
3639 5.0
3640 5.0
3641 3.0
3642 5.0
3643 5.0
3644 5.0
3645 5.0
3646 3.0
3647 5.0
3648 2.5
3649 3.0
3650 4.5
3651 4.0
3652 4.5
3653 5.0
3654 5.0
3655 5.0
3656 5.0
3657 4.5
3658 5.0
3659 5.0
3660 5.0
3661 5.0
3662 4.5
3663 3.5
3664 5.0
3665 5.0
3666 4.5
3667 3.0
3668 5.0
3669 4.0
3670 4.0
3671 3.5
3672 4.0
3673 5.0
3674 5.0
3675 4.5
3676 4.0
3677 5.0
3678 4.5
3679 3.5
3680 4.0
3681 5.0
3682 4.0
3683 4.5
3684 5.0
3685 4.0
3686 2.0
3687 5.0
3688 5.0
3689 5.0
3690 5.0
3691 5.0
3692 1.0
3693 4.5
3694 1.0
3695 5.0
3696 4.5
3697 3.5
3698 3.0
3699 5.0
3700 5.0
3701 5.0
3702 5.0
3703 5.0
3704 3.5
3705 5.0
3706 1.0
3707 5.0
3708 5.0
3709 5.0
3710 5.0
3711 3.0
3712 1.0
3713 1.0
3714 4.0
3715 3.0
3716 5.0
3717 3.0
3718 1.0
3719 3.0
3720 3.0
3721 3.0
3722 4.5
3723 5.0
3724 5.0
3725 5.0
3726 3.0
3727 5.0
3728 3.0
3729 3.0
3730 5.0
3731 2.0
3732 1.0
3733 4.0
3734 5.0
3735 5.0
3736 5.0
3737 5.0
3738 5.0
3739 5.0
3740 1.0
3741 1.0
3742 5.0
3743 4.5
3744 3.0
3745 5.0
3746 5.0
3747 5.0
3748 5.0
3749 2.0
3750 4.0
3751 5.0
3752 4.5
3753 3.0
3754 5.0
3755 4.5
3756 4.5
3757 3.0
3758 5.0
3759 5.0
3760 5.0
3761 5.0
3762 5.0
3763 2.0
3764 5.0
3765 5.0
3766 5.0
3767 3.0
3768 5.0
3769 5.0
3770 5.0
3771 4.5
3772 4.0
3773 5.0
3774 5.0
3775 4.0
3776 5.0
3777 5.0
3778 5.0
3779 5.0
3780 4.0
3781 5.0
3782 5.0
3783 5.0
3784 3.0
3785 5.0
3786 4.5
3787 4.0
3788 2.0
3789 5.0
3790 5.0
3791 3.5
3792 4.0
3793 5.0
3794 5.0
3795 3.0
3796 5.0
3797 4.5
3798 5.0
3799 4.5
3800 1.0
3801 3.0
3802 4.5
3803 2.0
3804 4.0
3805 5.0
3806 1.0
3807 2.5
3808 5.0
3809 5.0
3810 3.5
3811 5.0
3812 5.0
3813 5.0
3814 5.0
3815 5.0
3816 3.5
3817 2.5
3818 1.0
3819 5.0
3820 5.0
3821 5.0
3822 1.0
3823 4.5
3824 5.0
3825 3.0
3826 4.0
3827 5.0
3828 5.0
3829 4.5
3830 5.0
3831 5.0
3832 4.0
3833 4.5
3834 5.0
3835 3.0
3836 4.5
3837 4.5
3838 4.0
3839 5.0
3840 4.0
3841 5.0
3842 5.0
3843 5.0
3844 5.0
3845 1.0
3846 5.0
3847 5.0
3848 3.0
3849 1.0
3850 5.0
3851 3.0
3852 2.5
3853 4.0
3854 5.0
3855 1.0
3856 1.0
3857 3.0
3858 3.0
3859 5.0
3860 5.0
3861 3.0
3862 5.0
3863 3.5
3864 5.0
3865 4.0
3866 5.0
3867 5.0
3868 3.0
3869 4.5
3870 1.0
3871 4.5
3872 5.0
3873 5.0
3874 5.0
3875 5.0
3876 3.5
3877 3.0
3878 4.5
3879 5.0
3880 5.0
3881 5.0
3882 1.0
3883 5.0
3884 3.0
3885 4.0
3886 3.0
3887 5.0
3888 3.0
3889 1.0
3890 5.0
3891 5.0
3892 4.0
3893 4.5
3894 3.0
3895 4.0
3896 3.0
3897 1.0
3898 3.5
3899 5.0
3900 5.0
3901 5.0
3902 4.0
3903 4.0
3904 1.0
3905 5.0
3906 1.0
3907 5.0
3908 5.0
3909 4.0
3910 5.0
3911 3.0
3912 3.5
3913 5.0
3914 1.0
3915 5.0
3916 5.0
3917 5.0
3918 5.0
3919 5.0
3920 5.0
3921 4.0
3922 1.0
3923 5.0
3924 5.0
3925 1.0
3926 5.0
3927 5.0
3928 5.0
3929 5.0
3930 3.0
3931 1.0
3932 2.0
3933 4.0
3934 5.0
3935 5.0
3936 5.0
3937 4.0
3938 2.0
3939 5.0
3940 4.0
3941 4.0
3942 3.0
3943 5.0
3944 5.0
3945 5.0
3946 5.0
3947 4.5
3948 5.0
3949 5.0
3950 5.0
3951 5.0
3952 2.5
3953 4.5
3954 5.0
3955 1.0
3956 3.0
3957 4.0
3958 2.0
3959 5.0
3960 5.0
3961 4.0
3962 3.0
3963 5.0
3964 5.0
3965 5.0
3966 5.0
3967 5.0
3968 5.0
3969 4.5
3970 4.5
3971 5.0
3972 3.0
3973 5.0
3974 5.0
3975 3.0
3976 5.0
3977 2.0
3978 1.0
3979 5.0
3980 5.0
3981 3.5
3982 5.0
3983 5.0
3984 5.0
3985 5.0
3986 5.0
3987 3.0
3988 5.0
3989 5.0
3990 5.0
3991 5.0
3992 5.0
3993 5.0
3994 5.0
3995 1.0
3996 4.0
3997 5.0
3998 5.0
3999 5.0
4000 5.0
4001 1.0
4002 5.0
4003 5.0
4004 5.0
4005 2.0
4006 5.0
4007 5.0
4008 5.0
4009 1.0
4010 5.0
4011 5.0
4012 1.0
4013 5.0
4014 5.0
4015 5.0
4016 4.0
4017 2.0
4018 4.0
4019 5.0
4020 4.0
4021 4.5
4022 3.0
4023 4.5
4024 2.5
4025 3.0
4026 4.0
4027 5.0
4028 5.0
4029 5.0
4030 5.0
4031 4.0
4032 3.5
4033 5.0
4034 5.0
4035 4.0
4036 4.0
4037 5.0
4038 4.5
4039 5.0
4040 2.0
4041 3.5
4042 4.0
4043 3.0
4044 5.0
4045 4.0
4046 4.0
4047 4.0
4048 5.0
4049 5.0
4050 4.5
4051 4.0
4052 5.0
4053 4.5
4054 5.0
4055 5.0
4056 5.0
4057 4.5
4058 4.5
4059 3.5
4060 5.0
4061 4.5
4062 3.5
4063 4.5
4064 4.5
4065 5.0
4066 3.5
4067 4.0
4068 3.5
4069 3.0
4070 5.0
4071 2.5
4072 5.0
4073 5.0
4074 4.5
4075 4.0
4076 4.5
4077 3.0
4078 5.0
4079 2.5
4080 4.0
4081 5.0
4082 5.0
4083 5.0
4084 5.0
4085 4.0
4086 4.5
4087 4.0
4088 5.0
4089 3.0
4090 5.0
4091 4.0
4092 4.0
4093 5.0
4094 2.5
4095 5.0
4096 3.0
4097 5.0
4098 4.0
4099 4.5
4100 4.0
4101 4.0
4102 4.0
4103 3.0
4104 4.0
4105 2.5
4106 4.5
4107 5.0
4108 5.0
4109 4.0
4110 5.0
4111 4.0
4112 4.0
4113 3.0
4114 3.0
4115 1.5
4116 4.0
4117 4.0
4118 4.0
4119 5.0
4120 4.0
4121 4.5
4122 4.5
4123 5.0
4124 5.0
4125 4.0
4126 4.5
4127 5.0
4128 4.0
4129 5.0
4130 5.0
4131 5.0
4132 4.5
4133 3.0
4134 5.0
4135 5.0
4136 5.0
4137 5.0
4138 4.0
4139 5.0
4140 5.0
4141 3.0
4142 3.0
4143 5.0
4144 5.0
4145 4.0
4146 1.0
4147 4.5
4148 5.0
4149 4.5
4150 3.0
4151 4.5
4152 3.5
4153 5.0
4154 4.0
4155 3.0
4156 4.0
4157 5.0
4158 5.0
4159 5.0
4160 4.5
4161 4.5
4162 4.0
4163 3.0
4164 5.0
4165 5.0
4166 5.0
4167 5.0
4168 4.5
4169 4.5
4170 5.0
4171 4.0
4172 4.0
4173 3.0
4174 3.0
4175 5.0
4176 5.0
4177 5.0
4178 5.0
4179 3.0
4180 4.0
4181 1.0
4182 4.5
4183 5.0
4184 3.0
4185 5.0
4186 1.0
4187 4.5
4188 5.0
4189 4.0
4190 5.0
4191 3.5
4192 5.0
4193 5.0
4194 5.0
4195 3.5
4196 4.5
4197 5.0
4198 5.0
4199 3.0
4200 5.0
4201 5.0
4202 4.5
4203 3.0
4204 4.5
4205 4.0
4206 5.0
4207 5.0
4208 5.0
4209 4.0
4210 4.0
4211 2.0
4212 3.0
4213 4.0
4214 4.5
4215 5.0
4216 5.0
4217 4.0
4218 3.0
4219 4.5
4220 5.0
4221 3.0
4222 3.5
4223 5.0
4224 5.0
4225 4.0
4226 5.0
4227 5.0
4228 5.0
4229 2.0
4230 5.0
4231 3.0
4232 1.0
4233 5.0
4234 3.0
4235 5.0
4236 5.0
4237 5.0
4238 1.0
4239 5.0
4240 5.0
4241 4.0
4242 5.0
4243 3.0
4244 3.0
4245 5.0
4246 3.0
4247 3.0
4248 4.5
4249 5.0
4250 5.0
4251 4.5
4252 5.0
4253 3.5
4254 4.0
4255 4.0
4256 4.0
4257 4.5
4258 4.5
4259 5.0
4260 4.0
4261 4.0
4262 4.0
4263 4.5
4264 5.0
4265 3.5
4266 4.0
4267 5.0
4268 3.5
4269 4.5
4270 4.0
4271 5.0
4272 4.0
4273 5.0
4274 5.0
4275 4.0
4276 5.0
4277 4.0
4278 5.0
4279 4.5
4280 4.0
4281 4.5
4282 4.5
4283 5.0
4284 5.0
4285 5.0
4286 4.0
4287 5.0
4288 3.5
4289 4.0
4290 5.0
4291 5.0
4292 4.5
4293 4.5
4294 4.5
4295 4.5
4296 5.0
4297 5.0
4298 5.0
4299 3.0
4300 4.5
4301 3.5
4302 4.5
4303 4.0
4304 5.0
4305 4.0
4306 5.0
4307 4.0
4308 2.0
4309 4.5
4310 4.5
4311 4.0
4312 4.0
4313 3.0
4314 5.0
4315 4.0
4316 4.5
4317 3.0
4318 4.5
4319 4.0
4320 3.5
4321 5.0
4322 3.5
4323 4.0
4324 4.0
4325 4.0
4326 4.0
4327 4.5
4328 4.5
4329 5.0
4330 3.5
4331 5.0
4332 4.5
4333 3.0
4334 4.0
4335 5.0
4336 5.0
4337 3.5
4338 5.0
4339 4.5
4340 4.0
4341 5.0
4342 4.5
4343 4.5
4344 1.0
4345 4.0
4346 4.5
4347 2.5
4348 5.0
4349 3.5
4350 5.0
4351 5.0
4352 4.5
4353 4.5
4354 3.5
4355 4.0
4356 4.5
4357 4.5
4358 4.5
4359 5.0
4360 4.0
4361 5.0
4362 3.5
4363 5.0
4364 4.0
4365 5.0
4366 5.0
4367 4.0
4368 5.0
4369 4.5
4370 5.0
4371 4.5
4372 5.0
4373 3.0
4374 4.0
4375 4.5
4376 4.5
4377 4.0
4378 3.0
4379 5.0
4380 3.0
4381 5.0
4382 4.5
4383 1.5
4384 4.5
4385 5.0
4386 5.0
4387 2.5
4388 3.5
4389 5.0
4390 4.5
4391 5.0
4392 3.0
4393 5.0
4394 4.0
4395 5.0
4396 4.0
4397 5.0
4398 5.0
4399 4.0
4400 5.0
4401 4.0
4402 3.0
4403 4.0
4404 4.5
4405 1.0
4406 1.0
4407 4.0
4408 2.5
4409 4.5
4410 4.5
4411 5.0
4412 4.5
4413 5.0
4414 4.5
4415 4.0
4416 4.0
4417 5.0
4418 5.0
4419 5.0
4420 5.0
4421 4.5
4422 4.5
4423 5.0
4424 4.5
4425 4.5
4426 5.0
4427 5.0
4428 5.0
4429 4.5
4430 5.0
4431 5.0
4432 4.5
4433 4.0
4434 5.0
4435 4.5
4436 4.0
4437 5.0
4438 4.5
4439 4.5
4440 4.0
4441 5.0
4442 4.5
4443 2.0
4444 4.5
4445 4.0
4446 5.0
4447 1.0
4448 4.0
4449 5.0
4450 5.0
4451 5.0
4452 4.0
4453 1.0
4454 5.0
4455 4.5
4456 1.5
4457 5.0
4458 3.0
4459 3.5
4460 4.5
4461 4.5
4462 5.0
4463 4.0
4464 5.0
4465 4.0
4466 4.0
4467 5.0
4468 4.5
4469 3.5
4470 5.0
4471 4.5
4472 3.0
4473 4.5
4474 4.0
4475 4.5
4476 4.5
4477 5.0
4478 3.0
4479 4.0
4480 1.0
4481 4.0
4482 4.0
4483 3.0
4484 5.0
4485 4.5
4486 4.5
4487 5.0
4488 3.0
4489 4.5
4490 4.0
4491 5.0
4492 5.0
4493 4.5
4494 3.0
4495 5.0
4496 4.5
4497 4.5
4498 3.5
4499 4.0
4500 5.0
4501 5.0
4502 4.0
4503 4.5
4504 5.0
4505 4.5
4506 5.0
4507 5.0
4508 5.0
4509 4.0
4510 4.5
4511 5.0
4512 3.5
4513 5.0
4514 5.0
4515 3.0
4516 4.5
4517 5.0
4518 3.5
4519 5.0
4520 4.5
4521 5.0
4522 5.0
4523 4.0
4524 5.0
4525 4.0
4526 3.0
4527 5.0
4528 1.0
4529 5.0
4530 3.5
4531 5.0
4532 5.0
4533 4.0
4534 3.5
4535 5.0
4536 2.5
4537 5.0
4538 4.5
4539 4.5
4540 4.5
4541 5.0
4542 3.0
4543 2.5
4544 4.5
4545 2.5
4546 2.0
4547 4.5
4548 5.0
4549 5.0
4550 5.0
4551 5.0
4552 4.0
4553 5.0
4554 4.5
4555 4.5
4556 4.5
4557 4.0
4558 3.5
4559 1.0
4560 4.5
4561 5.0
4562 4.5
4563 5.0
4564 2.0
4565 4.0
4566 5.0
4567 4.5
4568 4.0
4569 5.0
4570 4.0
4571 5.0
4572 4.5
4573 3.0
4574 4.0
4575 3.0
4576 4.0
4577 4.5
4578 5.0
4579 5.0
4580 5.0
4581 3.5
4582 4.5
4583 3.5
4584 4.0
4585 4.5
4586 4.0
4587 4.5
4588 5.0
4589 4.5
4590 4.0
4591 4.5
4592 5.0
4593 1.0
4594 3.0
4595 3.0
4596 5.0
4597 5.0
4598 4.0
4599 5.0
4600 5.0
4601 4.5
4602 5.0
4603 5.0
4604 5.0
4605 5.0
4606 4.5
4607 5.0
4608 4.5
4609 5.0
4610 5.0
4611 5.0
4612 4.0
4613 5.0
4614 4.0
4615 4.5
4616 5.0
4617 5.0
4618 4.5
4619 5.0
4620 4.0
4621 3.5
4622 5.0
4623 4.5
4624 5.0
4625 2.5
4626 5.0
4627 5.0
4628 5.0
4629 5.0
4630 3.0
4631 3.0
4632 4.5
4633 5.0
4634 2.0
4635 4.5
4636 5.0
4637 4.5
4638 1.0
4639 4.5
4640 4.5
4641 2.0
4642 1.0
4643 5.0
4644 5.0
4645 3.0
4646 4.0
4647 1.0
4648 4.5
4649 5.0
4650 1.0
4651 5.0
4652 4.0
4653 5.0
4654 4.5
4655 5.0
4656 4.0
4657 5.0
4658 5.0
4659 1.0
4660 5.0
4661 5.0
4662 4.0
4663 2.5
4664 5.0
4665 4.0
4666 4.5
4667 4.5
4668 5.0
4669 4.0
4670 2.5
4671 4.0
4672 2.0
4673 5.0
4674 4.0
4675 4.0
4676 2.5
4677 3.0
4678 3.0
4679 5.0
4680 4.0
4681 5.0
4682 4.0
4683 5.0
4684 4.0
4685 5.0
4686 3.5
4687 5.0
4688 3.0
4689 5.0
4690 3.5
4691 4.0
4692 5.0
4693 2.0
4694 4.5
4695 5.0
4696 5.0
4697 5.0
4698 4.0
4699 3.0
4700 3.5
4701 4.5
4702 5.0
4703 4.5
4704 4.5
4705 1.5
4706 5.0
4707 5.0
4708 5.0
4709 3.5
4710 1.0
4711 3.0
4712 4.0
4713 4.5
4714 4.5
4715 5.0
4716 4.5
4717 4.0
4718 1.0
4719 5.0
4720 1.0
4721 2.0
4722 1.0
4723 5.0
4724 4.0
4725 5.0
4726 5.0
4727 4.0
4728 4.5
4729 5.0
4730 3.0
4731 4.5
4732 5.0
4733 5.0
4734 5.0
4735 5.0
4736 5.0
4737 4.5
4738 4.5
4739 5.0
4740 3.0
4741 2.0
4742 1.0
4743 4.0
4744 1.0
4745 1.0
4746 5.0
4747 4.5
4748 5.0
4749 3.0
4750 4.5
4751 5.0
4752 5.0
4753 5.0
4754 4.5
4755 5.0
4756 1.0
4757 3.0
4758 5.0
4759 5.0
4760 5.0
4761 4.5
4762 4.0
4763 4.0
4764 5.0
4765 5.0
4766 4.0
4767 5.0
4768 5.0
4769 5.0
4770 4.5
4771 5.0
4772 5.0
4773 5.0
4774 5.0
4775 5.0
4776 4.0
4777 4.0
4778 5.0
4779 5.0
4780 5.0
4781 5.0
4782 4.0
4783 1.0
4784 4.0
4785 4.0
4786 5.0
4787 5.0
4788 5.0
4789 1.0
4790 4.5
4791 4.0
4792 5.0
4793 5.0
4794 4.5
4795 5.0
4796 1.0
4797 3.0
4798 5.0
4799 5.0
4800 5.0
4801 4.0
4802 5.0
4803 4.5
4804 3.5
4805 3.0
4806 4.5
4807 5.0
4808 1.0
4809 5.0
4810 4.0
4811 4.0
4812 4.5
4813 4.5
4814 5.0
4815 4.0
4816 1.0
4817 5.0
4818 3.0
4819 2.0
4820 5.0
4821 4.0
4822 4.0
4823 4.0
4824 5.0
4825 5.0
4826 5.0
4827 5.0
4828 5.0
4829 5.0
4830 5.0
4831 5.0
4832 5.0
4833 1.0
4834 5.0
4835 4.0
4836 4.5
4837 5.0
4838 5.0
4839 4.0
4840 5.0
4841 1.0
4842 4.0
4843 5.0
4844 5.0
4845 5.0
4846 5.0
4847 5.0
4848 5.0
4849 3.0
4850 1.5
4851 1.0
4852 4.0
4853 3.0
4854 4.0
4855 3.0
4856 5.0
4857 1.0
4858 4.0
4859 4.0
4860 3.5
4861 4.0
4862 5.0
4863 5.0
4864 3.5
4865 5.0
4866 5.0
4867 4.0
4868 5.0
4869 1.5
4870 5.0
4871 3.0
4872 5.0
4873 5.0
4874 5.0
4875 5.0
4876 3.0
4877 5.0
4878 3.0
4879 1.0
4880 1.0
4881 4.0
4882 5.0
4883 3.0
4884 5.0
4885 2.5
4886 3.5
4887 1.0
4888 5.0
4889 3.0
4890 3.0
4891 5.0
4892 5.0
4893 1.0
4894 5.0
4895 2.0
4896 5.0
4897 5.0
4898 5.0
4899 5.0
4900 4.0
4901 5.0
4902 5.0
4903 4.5
4904 1.0
4905 5.0
4906 5.0
4907 5.0
4908 5.0
4909 5.0
4910 5.0
4911 1.0
4912 1.0
4913 3.0
4914 2.0
4915 5.0
4916 4.5
4917 4.0
4918 5.0
4919 5.0
4920 5.0
4921 3.0
4922 3.0
4923 3.0
4924 2.5
4925 5.0
4926 4.0
4927 5.0
4928 5.0
4929 5.0
4930 4.5
4931 5.0
4932 1.0
4933 5.0
4934 5.0
4935 4.0
4936 4.0
4937 2.0
4938 5.0
4939 4.0
4940 5.0
4941 5.0
4942 5.0
4943 5.0
4944 5.0
4945 5.0
4946 5.0
4947 5.0
4948 5.0
4949 1.0
4950 5.0
4951 5.0
4952 5.0
4953 3.0
4954 3.5
4955 5.0
4956 2.0
4957 5.0
4958 4.0
4959 2.0
4960 5.0
4961 5.0
4962 4.0
4963 5.0
4964 5.0
4965 4.0
4966 5.0
4967 2.0
4968 5.0
4969 5.0
4970 3.0
4971 3.0
4972 2.0
4973 5.0
4974 1.0
4975 4.0
4976 2.0
4977 1.0
4978 5.0
4979 1.0
4980 5.0
4981 5.0
4982 4.0
4983 2.0
4984 5.0
4985 5.0
4986 3.0
4987 5.0
4988 5.0
4989 5.0
4990 2.0
4991 4.0
4992 5.0
4993 5.0
4994 5.0
4995 1.0
4996 1.0
4997 1.0
4998 5.0
4999 4.0
5000 5.0
5001 5.0
5002 4.0
5003 3.0
5004 1.0
5005 1.0
5006 4.0
5007 5.0
5008 4.0
5009 5.0
5010 4.5
5011 3.0
5012 5.0
5013 5.0
5014 5.0
5015 2.5
5016 4.0
5017 5.0
5018 3.0
5019 4.0
5020 5.0
5021 1.0
5022 5.0
5023 5.0
5024 5.0
5025 2.0
5026 3.0
5027 4.0
5028 4.0
5029 4.0
5030 4.0
5031 5.0
5032 4.0
5033 5.0
5034 4.5
5035 5.0
5036 4.5
5037 4.0
5038 5.0
5039 4.0
5040 5.0
5041 4.5
5042 4.5
5043 5.0
5044 4.5
5045 5.0
5046 5.0
5047 5.0
5048 5.0
5049 5.0
5050 4.0
5051 4.5
5052 3.0
5053 5.0
5054 4.5
5055 4.5
5056 4.0
5057 4.0
5058 5.0
5059 3.5
5060 4.0
5061 1.0
5062 4.0
5063 4.5
5064 5.0
5065 5.0
5066 5.0
5067 4.5
5068 4.5
5069 4.5
5070 5.0
5071 5.0
5072 5.0
5073 5.0
5074 5.0
5075 3.0
5076 5.0
5077 5.0
5078 5.0
5079 4.0
5080 5.0
5081 4.5
5082 4.0
5083 5.0
5084 5.0
5085 5.0
5086 4.5
5087 4.0
5088 2.0
5089 5.0
5090 5.0
5091 1.0
5092 5.0
5093 5.0
5094 2.0
5095 5.0
5096 5.0
5097 4.0
5098 5.0
5099 5.0
5100 5.0
5101 5.0
5102 5.0
5103 5.0
5104 5.0
5105 4.0
5106 1.5
5107 5.0
5108 5.0
5109 5.0
5110 4.0
5111 5.0
5112 5.0
5113 5.0
5114 4.0
5115 5.0
5116 2.0
5117 5.0
5118 5.0
5119 5.0
5120 5.0
5121 5.0
5122 3.0
5123 5.0
5124 5.0
5125 5.0
5126 5.0
5127 5.0
5128 5.0
5129 2.0
5130 5.0
5131 4.5
5132 5.0
5133 5.0
5134 1.0
5135 5.0
5136 5.0
5137 5.0
5138 5.0
5139 5.0
5140 2.0
5141 5.0
5142 4.5
5143 4.0
5144 3.0
5145 5.0
5146 4.0
5147 5.0
5148 2.5
5149 5.0
5150 4.0
5151 1.0
5152 5.0
5153 4.5
5154 5.0
5155 4.5
5156 5.0
5157 4.5
5158 3.0
5159 5.0
5160 4.5
5161 5.0
5162 5.0
5163 4.0
5164 5.0
5165 5.0
5166 1.0
5167 5.0
5168 5.0
5169 4.0
5170 5.0
5171 4.0
5172 5.0
5173 3.5
5174 5.0
5175 3.0
5176 4.5
5177 5.0
5178 5.0
5179 5.0
5180 4.5
5181 1.0
5182 4.5
5183 5.0
5184 4.0
5185 4.0
5186 4.5
5187 4.5
5188 5.0
5189 4.0
5190 4.0
5191 5.0
5192 5.0
5193 5.0
5194 3.5
5195 3.0
5196 5.0
5197 5.0
5198 5.0
5199 4.5
5200 5.0
5201 1.0
5202 4.5
5203 5.0
5204 4.0
5205 5.0
5206 1.0
5207 5.0
5208 5.0
5209 5.0
5210 5.0
5211 5.0
5212 5.0
5213 5.0
5214 1.0
5215 5.0
5216 1.0
5217 5.0
5218 4.0
5219 5.0
5220 5.0
5221 4.0
5222 5.0
5223 4.0
5224 5.0
5225 1.0
5226 4.0
5227 5.0
5228 4.0
5229 5.0
5230 1.0
5231 4.0
5232 5.0
5233 4.5
5234 1.0
5235 5.0
5236 5.0
5237 4.5
5238 4.5
5239 3.0
5240 4.5
5241 4.5
5242 4.5
5243 4.0
5244 5.0
5245 5.0
5246 4.0
5247 5.0
5248 3.5
5249 5.0
5250 4.0
5251 3.0
5252 5.0
5253 5.0
5254 4.0
5255 5.0
5256 4.0
5257 3.5
5258 4.0
5259 4.5
5260 4.5
5261 5.0
5262 5.0
5263 3.5
5264 5.0
5265 4.0
5266 5.0
5267 4.5
5268 5.0
5269 5.0
5270 5.0
5271 3.5
5272 1.0
5273 5.0
5274 5.0
5275 3.0
5276 4.0
5277 5.0
5278 5.0
5279 2.0
5280 5.0
5281 3.0
5282 4.0
5283 4.0
5284 4.0
5285 4.5
5286 5.0
5287 3.5
5288 4.5
5289 5.0
5290 4.5
5291 4.5
5292 4.5
5293 4.5
5294 4.5
5295 5.0
5296 5.0
5297 4.5
5298 3.5
5299 4.5
5300 3.0
5301 4.5
5302 4.0
5303 4.0
5304 3.5
5305 5.0
5306 4.0
5307 5.0
5308 5.0
5309 5.0
5310 5.0
5311 4.5
5312 5.0
5313 4.5
5314 5.0
5315 4.0
5316 4.5
5317 5.0
5318 4.0
5319 5.0
5320 5.0
5321 4.0
5322 5.0
5323 3.5
5324 4.0
5325 5.0
5326 3.5
5327 5.0
5328 3.5
5329 4.0
5330 3.5
5331 3.5
5332 5.0
5333 3.5
5334 4.0
5335 4.0
5336 4.0
5337 4.5
5338 4.5
5339 3.0
5340 4.0
5341 4.0
5342 5.0
5343 4.0
5344 4.0
5345 5.0
5346 5.0
5347 4.0
5348 5.0
5349 4.5
5350 5.0
5351 5.0
5352 5.0
5353 4.5
5354 5.0
5355 4.0
5356 4.0
5357 4.0
5358 4.0
5359 3.5
5360 5.0
5361 4.0
5362 1.0
5363 5.0
5364 3.5
5365 5.0
5366 4.5
5367 4.0
5368 5.0
5369 4.0
5370 5.0
5371 4.0
5372 4.0
5373 4.5
5374 5.0
5375 5.0
5376 2.5
5377 5.0
5378 3.0
5379 5.0
5380 5.0
5381 4.0
5382 4.5
5383 3.5
5384 5.0
5385 4.0
5386 5.0
5387 5.0
5388 5.0
5389 4.5
5390 4.0
5391 4.5
5392 4.5
5393 3.0
5394 4.5
5395 3.5
5396 5.0
5397 5.0
5398 5.0
5399 5.0
5400 4.0
5401 5.0
5402 5.0
5403 4.0
5404 4.0
5405 4.5
5406 5.0
5407 5.0
5408 5.0
5409 1.0
5410 5.0
5411 5.0
5412 4.5
5413 4.0
5414 4.5
5415 3.0
5416 5.0
5417 5.0
5418 4.5
5419 4.0
5420 5.0
5421 5.0
5422 3.5
5423 5.0
5424 5.0
5425 5.0
5426 4.0
5427 4.0
5428 4.0
5429 5.0
5430 4.5
5431 4.0
5432 4.0
5433 5.0
5434 5.0
5435 4.0
5436 4.5
5437 3.5
5438 4.0
5439 4.5
5440 4.5
5441 5.0
5442 5.0
5443 4.0
5444 4.5
5445 4.5
5446 5.0
5447 5.0
5448 3.0
5449 4.5
5450 5.0
5451 5.0
5452 4.0
5453 4.5
5454 1.0
5455 4.0
5456 4.5
5457 3.5
5458 3.0
5459 2.0
5460 4.0
5461 5.0
5462 3.5
5463 3.0
5464 4.0
5465 4.0
5466 5.0
5467 5.0
5468 5.0
5469 4.5
5470 5.0
5471 2.0
5472 5.0
5473 5.0
5474 5.0
5475 5.0
5476 5.0
5477 5.0
5478 5.0
5479 3.5
5480 4.0
5481 1.0
5482 2.0
5483 1.0
5484 3.5
5485 5.0
5486 4.0
5487 4.5
5488 4.5
5489 4.0
5490 5.0
5491 4.0
5492 4.0
5493 4.0
5494 5.0
5495 5.0
5496 4.0
5497 5.0
5498 4.0
5499 1.0
5500 3.5
5501 5.0
5502 5.0
5503 5.0
5504 1.0
5505 5.0
5506 4.5
5507 3.5
5508 4.0
5509 3.5
5510 5.0
5511 1.0
5512 3.5
5513 4.0
5514 4.0
5515 5.0
5516 5.0
5517 3.0
5518 5.0
5519 4.5
5520 4.0
5521 4.0
5522 5.0
5523 4.0
5524 4.5
5525 1.0
5526 4.0
5527 4.5
5528 4.5
5529 2.5
5530 5.0
5531 4.5
5532 5.0
5533 5.0
5534 3.0
5535 4.5
5536 4.0
5537 5.0
5538 5.0
5539 5.0
5540 4.5
5541 5.0
5542 3.0
5543 4.5
5544 4.0
5545 5.0
5546 5.0
5547 3.0
5548 1.0
5549 4.0
5550 5.0
5551 1.0
5552 4.0
5553 5.0
5554 2.0
5555 4.0
5556 3.0
5557 5.0
5558 5.0
5559 3.5
5560 3.0
5561 1.0
5562 5.0
5563 5.0
5564 5.0
5565 4.0
5566 4.0
5567 5.0
5568 5.0
5569 4.5
5570 4.0
5571 5.0
5572 5.0
5573 4.0
5574 5.0
5575 4.0
5576 5.0
5577 4.5
5578 5.0
5579 4.5
5580 4.5
5581 4.5
5582 1.0
5583 4.0
5584 2.5
5585 5.0
5586 2.0
5587 3.5
5588 5.0
5589 3.5
5590 5.0
5591 1.0
5592 4.5
5593 5.0
5594 3.0
5595 3.5
5596 4.5
5597 3.5
5598 5.0
5599 5.0
5600 3.5
5601 5.0
5602 3.0
5603 5.0
5604 4.5
5605 4.0
5606 4.0
5607 5.0
5608 5.0
5609 1.0
5610 5.0
5611 4.5
5612 5.0
5613 5.0
5614 5.0
5615 4.0
5616 5.0
5617 5.0
5618 5.0
5619 4.0
5620 5.0
5621 3.0
5622 5.0
5623 5.0
5624 5.0
5625 5.0
5626 4.0
5627 5.0
5628 4.0
5629 5.0
5630 5.0
5631 5.0
5632 5.0
5633 5.0
5634 5.0
5635 1.0
5636 4.5
5637 2.0
5638 4.5
5639 5.0
5640 4.5
5641 5.0
5642 5.0
5643 3.5
5644 3.0
5645 1.0
5646 5.0
5647 4.0
5648 4.5
5649 5.0
5650 2.0
5651 4.5
5652 4.0
5653 5.0
5654 5.0
5655 3.0
5656 3.0
5657 4.0
5658 5.0
5659 5.0
5660 5.0
5661 5.0
5662 4.5
5663 5.0
5664 5.0
5665 5.0
5666 3.0
5667 4.0
5668 5.0
5669 5.0
5670 5.0
5671 5.0
5672 5.0
5673 1.0
5674 4.0
5675 5.0
5676 5.0
5677 5.0
5678 5.0
5679 5.0
5680 5.0
5681 5.0
5682 4.0
5683 4.0
5684 4.0
5685 3.0
5686 5.0
5687 5.0
5688 4.5
5689 5.0
5690 1.0
5691 1.0
5692 5.0
5693 5.0
5694 1.0
5695 4.5
5696 4.5
5697 5.0
5698 4.5
5699 4.0
5700 5.0
5701 5.0
5702 4.0
5703 5.0
5704 3.0
5705 5.0
5706 5.0
5707 5.0
5708 4.0
5709 5.0
5710 5.0
5711 5.0
5712 5.0
5713 3.0
5714 4.0
5715 3.0
5716 5.0
5717 1.0
5718 5.0
5719 5.0
5720 4.5
5721 5.0
5722 5.0
5723 5.0
5724 4.0
5725 5.0
5726 4.0
5727 5.0
5728 1.0
5729 5.0
5730 5.0
5731 4.0
5732 5.0
5733 5.0
5734 3.0
5735 5.0
5736 5.0
5737 5.0
5738 5.0
5739 5.0
5740 5.0
5741 5.0
5742 5.0
5743 5.0
5744 5.0
5745 4.0
5746 4.0
5747 5.0
5748 4.5
5749 4.0
5750 5.0
5751 5.0
5752 5.0
5753 2.0
5754 5.0
5755 5.0
5756 4.0
5757 3.0
5758 5.0
5759 1.0
5760 1.0
5761 4.0
5762 5.0
5763 5.0
5764 5.0
5765 5.0
5766 1.0
5767 1.0
5768 3.0
5769 5.0
5770 5.0
5771 3.0
5772 3.0
5773 1.0
5774 1.0
5775 5.0
5776 4.0
5777 5.0
5778 3.0
5779 5.0
5780 5.0
5781 4.0
5782 4.0
5783 5.0
5784 5.0
5785 5.0
5786 5.0
5787 4.0
5788 5.0
5789 5.0
5790 5.0
5791 4.5
5792 1.0
5793 1.0
5794 5.0
5795 3.0
5796 1.0
5797 2.0
5798 4.0
5799 4.0
5800 5.0
5801 3.0
5802 5.0
5803 5.0
5804 4.0
5805 1.0
5806 5.0
5807 1.0
5808 5.0
5809 5.0
5810 1.0
5811 5.0
5812 5.0
5813 4.5
5814 5.0
5815 5.0
5816 4.5
5817 4.5
5818 4.0
5819 4.5
5820 5.0
5821 5.0
5822 4.0
5823 5.0
5824 3.5
5825 5.0
5826 4.5
5827 5.0
5828 4.5
5829 4.5
5830 4.0
5831 4.0
5832 4.0
5833 5.0
5834 5.0
5835 5.0
5836 5.0
5837 1.0
5838 5.0
5839 4.0
5840 4.5
5841 3.0
5842 4.0
5843 5.0
5844 4.5
5845 3.0
5846 5.0
5847 5.0
5848 2.5
5849 5.0
5850 4.0
5851 4.5
5852 5.0
5853 3.5
5854 5.0
5855 4.5
5856 5.0
5857 4.5
5858 5.0
5859 5.0
5860 5.0
5861 4.0
5862 5.0
5863 4.0
5864 4.5
5865 5.0
5866 4.5
5867 5.0
5868 4.5
5869 5.0
5870 5.0
5871 5.0
5872 5.0
5873 3.0
5874 3.5
5875 4.5
5876 4.5
5877 5.0
5878 4.0
5879 4.5
5880 4.0
5881 4.0
5882 1.0
5883 4.0
5884 3.0
5885 5.0
5886 3.0
5887 5.0
5888 5.0
5889 5.0
5890 3.5
5891 5.0
5892 5.0
5893 4.0
5894 4.0
5895 5.0
5896 3.0
5897 3.0
5898 4.5
5899 5.0
5900 3.5
5901 5.0
5902 2.0
5903 5.0
5904 1.0
5905 5.0
5906 4.5
5907 5.0
5908 5.0
5909 4.5
5910 4.5
5911 3.0
5912 1.0
5913 5.0
5914 1.0
5915 5.0
5916 3.0
5917 5.0
5918 5.0
5919 5.0
5920 3.0
5921 5.0
5922 5.0
5923 3.0
5924 5.0
5925 5.0
5926 4.0
5927 5.0
5928 5.0
5929 5.0
5930 5.0
5931 5.0
5932 5.0
5933 5.0
5934 4.0
5935 1.0
5936 5.0
