108 0
233 1
214 1
7 1
202 1
76 1
187 1
0 1
99 1
345 1
77 1
34 1
390 1
6 1
102 1
4 1
190 1
122 1
9 1
359 1
73 1
167 1
25 1
234 1
53 1
240 1
210 2
395 2
104 2
449 3
1751 4
690 4
733 4
256 5
743 5
601 5
332 5
1517 6
1185 6
844 6
699 6
557 6
1321 6
908 7
941 1
1354 8
738 8
18 9
718 9
888 10
189 11
1042 10
356 10
1339 10
196 10
534 10
1110 10
448 10
586 10
472 10
693 10
1726 10
694 10
298 12
351 12
833 9
381 13
1689 14
1261 14
1269 14
1742 14
1417 14
1525 15
43 16
1580 16
653 16
548 16 17
120 16
803 17 18
1297 15
596 19
407 19
401 19
796 19
745 19
303 6
1325 6
978 6
1687 20
1664 20
1035 20
660 21 22
279 21 22
1752 23
1678 23
1053 23
644 23
1676 24
1725 24
1744 24
1015 24
1468 24
1599 24
1774 24
1790 24
1769 24
964 24
1619 24
1584 24
1069 24
777 24
1588 24
776 24
707 24
1136 24
1552 24
1057 24
452 24
1740 24
1767 24
1526 24
1241 24
963 24
1435 24
117 24
985 24
456 25
434 25
584 25
306 26 25
1283 27
226 28
462 29
469 29
1356 29
967 29
1316 29
492 29
181 1
438 30
1617 30
1483 31
1753 32
677 32
143 32
97 33
935 23
1290 23
175 23
132 23
220 34
56 34
422 34
58 34
1600 34
244 34
386 34
1793 33
1211 35
1304 35
762 35
1125 35
371 36
137 37
522 37
322 17 37
145 17 37
1021 37
330 37 38
1542 37
705 37
88 39
218 39
1200 6
1532 6
1001 6
476 6
1653 6
475 40
975 40
1629 41
1440 41
1013 42
993 42
1233 3
630 43
215 43
652 43
36 43
392 44
283 44
477 44
501 44
266 44
551 44
98 44
786 44
571 44
1350 44
832 25
865 45 46
901 9
365 32
1357 32
1073 32
572 8
1398 8
1408 29
1322 29
742 29
42 29
507 29
26 29
271 29
841 29
579 29
578 21 22
1606 21 22
1045 21 22
289 16 17
1501 16
74 44
1284 44
1696 44
123 44
1100 44
380 44
1232 47
1292 47
1265 47
1033 47
1644 47
1224 47
1442 47
429 16
826 48
275 30
927 30
1496 30
437 30
1499 30
1635 30
124 29
235 29
169 29 17
116 29
603 29
47 29 49
1596 50
50 29
598 10
814 10
199 10
876 10
348 10
686 10
827 10
996 10
194 10
292 11
641 34
41 34
75 23
174 23
638 34
627 23
357 51
128 52
1536 18
1094 21 22
1482 18
812 53
885 53
442 18
1675 18
632 16
1798 16
684 16
1179 16
514 16
15 16 17
96 16 17
951 54
1734 54
1422 54
334 34
869 34
11 55 34
1620 34
981 34
317 34
721 56
1626 56
1711 56
944 56
506 56
1592 56
1495 56
1 13
1717 57
795 14
1129 58
1455 58
1171 14
618 14
756 14
1377 14
524 14
44 59
895 21
178 59
1343 60
1463 60
451 61
150 61
344 61
611 61
388 61
1173 61
261 61
897 61
32 61
59 61
1000 6
769 6
887 6
1072 6
966 6
784 6
1507 62
1616 6
748 6
1514 6
491 6
139 63 64
1506 65
661 65
1375 65
1165 65
1314 65
930 65
1341 65
1565 65
241 66
1273 65
763 59
288 59
1180 59
744 59
163 59
385 3
487 67
394 68
358 68
872 68
281 68
720 68
702 9
851 9
727 9
1361 9
1077 9
768 9
253 9
622 9
78 9
1150 9
1618 9
923 9
1639 9
1274 9
426 9
333 9
541 9
555 9
845 9
1234 9
853 9
725 9
1010 9
857 9
1096 9
1615 9
921 9
495 9
421 69
325 9
326 9
255 9
922 70
722 71
929 71
546 71
1453 71
40 34
913 72
773 72
911 72
192 72
1251 73
1778 73
1318 73
1732 73
1203 73
1082 73
1683 73
1655 73
1390 74
1302 74
1452 74
1698 74
1352 3
406 75
87 76
1561 77
751 78
982 79 78
1081 78
547 29
679 80
889 81
1430 81
1637 81
268 46
62 46
172 46
779 46
403 46
295 46
704 46
321 46
242 46
563 46
515 46
156 3
488 82
223 83
576 83
1479 46
1172 46
1230 83
673 84
1266 84
1662 85
1348 86
824 86
1531 86
782 87 86
1221 88
115 89
1477 90
262 91
1242 92
535 93 94
1723 95 94
1275 14
1098 96
1651 97
614 46
1196 9
1257 9
647 9
1373 9
206 9
353 23
435 35
433 23
237 34
269 23
86 34
1590 98
1143 98
554 99
1755 99
404 22 100
114 22 100
626 75
1573 75
917 75
203 75
384 75
568 75
604 75
592 75
1488 101
1228 42
1028 42
107 42
919 42
361 42
771 9
1074 9
990 9
523 9
309 9
378 9
1078 9
113 102
290 103
734 104
61 103
739 104
755 104
315 105
992 106
735 11
780 11
260 11
173 11
800 11
100 11
83 11
131 11
1214 11
558 11
274 107
646 108
193 108
20 108
801 108
1607 109
1279 44
412 44
1388 44
1263 62
912 103
1058 86
430 62
439 64
1610 110
790 6
155 111
153 112
530 103
1324 103
81 113
585 103
636 103
910 103
1556 114
1472 115
1337 115
918 46
51 46
313 17 46
602 46
810 46
213 46
711 46
373 46
328 46
186 46
157 46
478 116
984 117
1583 118
1183 119
787 103
1120 103
802 21
184 103
272 103
938 21 22
1392 120
753 103
550 103
1470 103
415 103
126 121
179 3
499 122
436 123
1024 124
962 124
1579 124
1553 95 94
610 125
1694 126
1708 127
293 127
324 128
1365 129
1141 129
31 44
337 130
29 131
1563 132
1291 133
553 47
772 47
701 47
417 47
470 47
331 47
675 47
252 47
988 47
526 47
600 47
391 3
736 47
1139 134
1031 135
264 136
715 136
265 136
902 136
1054 136
1134 136
1701 137
1666 73
925 73
1679 73
1692 138
1298 73
1688 139
893 37
838 37
754 37
400 37
17 17 37
399 37
366 37
846 37
1671 37
427 37
445 17 37
1403 37
141 37
374 37
533 37
1614 37
1577 140
1594 140
1223 140
1652 140
805 140
1622 140
1008 140
1638 140
1508 140
1627 140
397 75
953 141
1237 141
1009 141
1409 141
1253 9
402 9
900 9
1805 9
1719 9
278 9
1406 9
259 9
831 62
467 62
1604 62
1205 62
1386 62
1006 142
251 142
1792 62
1699 43
1529 62
712 62
714 143
1557 65
423 65
1124 144
1254 144
538 15
314 15
54 15
1760 15
817 15
443 34
57 55 34
1582 34
112 55 34
1804 21 22
1660 21 22
71 29
89 29
222 29
1195 145
91 44
1175 146
806 147
164 147
821 147
940 6
1331 6
382 44
368 75
1648 44
482 44
66 75
1405 148
103 2
296 2
635 2
1084 2
1504 149
130 13
424 13
798 150
1039 151
1019 152
1153 152
1537 153
685 154 133
1806 154 133
1248 133
1286 155
1624 156
1756 156
517 156
1776 156
1243 156
1330 156
1567 156
1777 156
1788 156
799 157
662 157
440 158
500 159
1282 160
1389 161
1784 161
594 161
1454 161
1246 161
1802 161
1587 161
1278 161
1188 161
1466 161
1674 161
609 78
1040 11
697 11
1761 11
1691 162
1727 162
1713 162
273 163
620 164
766 164
377 164
1613 165
1191 166
840 44
140 167
528 44
342 168
411 168
834 23
408 23
318 23
847 23
597 23
977 23
1642 23
1459 23
419 23
1288 23
562 23
312 23
316 169
573 44
1673 170
804 51
1364 51
843 51
1485 51
463 51
909 171
970 171
1593 172
257 173
267 173
211 3
1002 174
90 50
37 175
494 175
688 175
343 175
121 176
294 176
45 176
217 176
493 176
105 177
340 178
1264 179
5 180
1768 162
299 181 33
623 154
1041 154 86
416 182
868 183
1677 184
301 103
1289 185
431 103
1118 185
666 136
706 136
556 186
719 16
1465 16
8 16 17
24 16 17
106 16
161 16
1420 103
1305 103
1160 103
1415 103
936 103
30 103
593 103
372 21
1467 21
631 103
750 103
1086 103
589 44
752 23
111 51
92 51
383 144
508 62
1591 187
387 188
474 59
185 59
1326 59
93 59 55
823 59
1545 30
1300 30
1168 30
1169 30
926 30
1204 189 30
1061 30
1157 190
875 191 192
282 193
1460 194
881 194
916 42
1647 42
1037 42
1547 42
136 42
621 42
914 42
1277 42
1217 195
1437 21 22
1093 21 22
1419 21 22
1449 21 22
1412 21 22
1032 21 22
1259 21 22
807 21 22
1475 21 22
890 14
1299 14
1570 14
305 14
858 14
816 14
1523 14
665 14
580 14
691 14
1295 14
1219 14
1293 14
1425 14
1317 14
1654 196
1494 6
1427 6
1444 6
243 6
352 82
1385 6
1597 197
1391 82
1400 6
1672 198
588 199
877 200
85 46
854 46
52 46
205 46
341 46
612 46
204 46
682 46
3 46
741 46
19 201
931 9
1344 9
656 9
884 9
166 9
95 9
180 103
200 103
540 103
1092 202
498 203
565 103
1182 103
1366 103
232 204
133 29 205
577 34
254 206
1630 207
1735 207
425 208
608 209
182 29
502 29
813 210
49 23
513 23
418 23
1225 211
855 212
1421 212
1170 213
229 213
362 51
65 23
667 23
191 34
144 51
79 34
1512 214
896 215
125 104
162 62
1338 62
960 142
934 62
829 62
484 55 62
1114 62
942 62
428 154 62
1050 216
302 29
1256 217
1036 218
878 219
1071 32
28 32
692 22 32
1716 32
1413 22 32
311 32
566 73
444 73
1800 220
1493 221
1122 222
1641 95 94
898 223
1258 224
1121 224
1558 224
503 225
570 9
1231 226
606 227
1020 228
64 229
236 25
746 230
894 231
1113 231
1634 231
747 231
1342 231
880 231
595 231
38 232
227 232
767 233
1410 21 22
270 21 22
1119 21 22
510 9
849 21 22
1167 3
1360 23
663 23
1140 23
1268 23
1159 23
432 23
16 15
1055 15
954 15
781 15
1320 15
1132 15
856 15
119 234
1334 174
1235 235
379 29
250 236
671 237
1198 237
819 237
68 238
825 239
1213 239
376 108
789 108
1396 108
1174 108
668 240
619 241
1239 34
63 34
1142 34
740 34
1018 34
228 242
369 243
1383 3
109 11
1062 103
1038 103
1747 103
1394 103
1376 244
1399 103
1222 103
642 24
672 245
1262 246
1754 247
219 247
1633 247
1551 247
1310 247
830 247
536 248
1209 249
1090 62
537 250
231 51
1068 51
364 251
84 252
932 14
670 253
1601 254
247 255
1287 255
1065 255
197 256 257
939 258
1497 259
1491 86
285 260
1431 261
69 262
1794 263
209 264
1371 265
94 47
696 47
689 47
355 47
246 47
1003 47
518 266 267
1064 154
758 268
1260 269
485 270
1148 271 272
409 9
519 273
479 274
258 275
1471 275
1395 275
1555 275
486 204
625 276
420 277
461 278
659 22 279
1133 280
1358 280
370 281
307 282
1562 141
1207 18
864 34
176 283
1763 283
263 284
1137 46
949 46
308 285
737 286 46
165 287
1026 46
465 39
1397 46
649 288
1765 288
1351 289
848 290
961 291
698 229
1362 292 293
1374 88
797 294
863 295
310 278
70 296
1746 297
138 75
354 298
793 299
414 299
171 15
822 300
749 3
1270 82
1520 301
794 302
709 303
338 304
681 46
1510 305
1047 306
1568 307
1743 150
1487 308
149 61
1729 309
1189 3
12 310
350 311
583 3
335 312
974 313
127 314
1147 28
998 28
1404 278
1416 35
1079 35
1226 35
1154 16
1611 3
1240 168
1663 154
658 103
160 108
1658 119
154 75
1272 103
1448 103
480 315
1056 316
129 29 317 55
1218 62
1426 103
828 62
118 180
757 284
1190 3
1489 34
1249 312
1052 312
1709 312
1369 312
997 174
375 318
511 19
168 176 311
183 62
1085 6
1705 319
525 59
360 287
1135 47
460 9
1484 183
1144 103
291 44
560 318
1097 103
1625 320
1044 34
1428 321
177 318
976 188
367 304
1423 21 22
101 16
152 16
195 55 44
717 55 44
1780 262
1060 322
323 21
640 239
1665 323
979 103
1544 34
1803 59
683 324
968 34
212 103
284 325
1538 88
1255 42
320 278
539 326
836 103
198 61
1518 327
1502 328
67 329
1796 330
148 230
892 176
505 331
1564 332
1695 73
1075 9
907 32
987 333
1105 9
582 21
531 318
1347 103
453 334
286 11
1548 9
1569 34
1023 84
1067 84
496 47
1238 75
1543 182
1095 335
792 62
1693 32
1718 336
764 278
1436 154 62
1724 32
248 223
1087 337
728 44
1151 338
1500 312
1441 312
1722 312
991 339 340
867 86
904 341
1621 8
1166 288
1571 23
1088 62
1486 62
703 342
464 14
304 343
1192 16
1116 344
915 345
225 346
924 346
1779 42
1443 347
1554 348
730 55 9
1668 349
1201 350
158 47
899 351
1034 173
1022 352
1749 51
1807 51
700 353
1027 231
549 354
870 11
1051 312
1791 245
1046 9
775 59
1250 62
454 37
1108 355
969 356
1646 357
958 32
1445 71
774 207
943 358
581 359
1387 360 361
446 287
905 171
1612 327
1193 362
1363 363
1560 364
657 365
1786 366
1457 367 368
1043 369
1480 32
14 223
72 370
1319 371
1516 372
891 62
1104 373
1797 136
886 374
1076 251
1703 375
1380 32
1323 318
10 34
1335 376
347 377
1115 129
529 378
1126 379
1014 278
346 380 381
1714 382
883 383
466 44
410 44
1513 44
1017 384
1112 154
1007 79
1424 247
1759 385
809 34
1329 16
1127 9
2 386
1509 387
39 388
645 16
1602 75
1781 162
1181 34
1199 389
1102 318
933 390
1771 16
575 9
1215 82
980 88
230 391
1281 215 392
648 75
280 278
1306 42
983 42
674 393 114
637 213
413 314
965 394
447 23
1184 154
994 395
1049 23
574 40
339 272
1697 272
989 396
134 397
1559 106
820 398
1327 8
1271 399
1578 400
628 51
1163 382
634 318
1775 401
542 32
1187 32
835 34
1152 402
1099 108
1446 403
1684 110
1111 62
1750 404
1244 312
1574 182
1296 232
948 103
1378 405
1581 288
327 75
1091 406
1030 16
1712 407
398 176
1631 408
481 29
221 409
459 410
208 39
1433 390
1202 32 390
852 411
170 88
1707 34
1158 16
1773 412
1661 9
971 413
329 9
21 32
808 42
159 79
300 82
1649 414
1149 88
146 415
1572 416
759 417
1736 418
676 419
615 42
724 420
201 278
639 238
471 34
1294 23
1706 421
1498 422
1530 42
527 423
723 32
1519 424
1005 425
239 87
871 426
1720 427
142 428
1533 429
1766 430
1368 431 432
1490 346
811 433
624 84
678 44
1645 434
959 435
249 436
349 15
687 167 437
1346 438
1059 439
1089 44
1702 44
1080 44
1162 44
1535 44
842 44
1011 176
1328 32
151 28
1206 44
903 44
497 103
1681 440 441
873 51
1063 150
483 442
1372 443
1276 247
297 25
1704 444
928 445
1117 446
1686 447
1131 448
710 449
1247 450
1384 451
559 106
336 452
945 453
1585 454
999 103
1311 455
866 318
633 18 456
1461 42
1210 457 171
1178 380 381
1429 345
363 9
1669 176
1738 124
1656 9
1285 82
708 458
1462 459
729 460
1605 461
1473 462 463
1521 464 465
544 466
512 32
1492 467
1138 468
1541 469
732 34
1083 449
650 470
972 428
986 9
1595 154
973 229
783 9
1808 291
950 471 5
920 472
1598 473
1016 474 475
952 476
906 477
818 478
837 479
1546 365
946 116
643 47
1130 480
1447 79
1345 481
1731 470
1216 482
590 278
1741 250
1280 483
1438 154
669 484
1534 439
1685 457 171
1308 126
1025 485
