108 0
233 1
214 1
7 1
202 1
76 1
187 1
0 1
99 1
345 1
77 1
34 1
390 1
6 1
102 1
4 1
190 1
122 1
9 1
359 1
73 1 2
167 1
25 1
234 1 2 3
53 1 4
240 1
210 1
395 1
104 1
1751 1
690 1
733 1
256 5 3
743 5 3
601 5 3
332 5
1517 3
1185 3
557 3
1321 3
908 6
941 7 8
1354 3
738 6
18 1 6
718 1 6
888 1
189 1
1042 1
356 1
1339 1
196 1
534 1
1110 1
448 1
586 1
472 1
693 1
1726 1
694 1
298 1 5 6
351 1 5 6
833 1
381 1
1689 9 5
1261 9 5
1269 9 5
1742 9 5
1417 9 5
1525 1
43 1
653 1
548 1
120 1
803 10 3
1297 1
596 3
407 3
401 3
796 10 3
745 10 3
303 3
978 11
1687 11
1664 11
1035 1
660 3
279 6
1752 1
1678 3
1053 4 9
644 1
1744 9
1015 9
707 9
1136 9
117 3
456 1
434 1
584 3
306 1
1283 1
226 1
462 3
469 3
1356 6
967 3
1316 3
492 3
181 5 10
438 11
1617 11
1483 1 5
1753 6
677 10 3
97 1 6
935 1 3
1290 1 3
175 1 6
132 1 6
220 1 3
56 3
422 3
58 3
1600 1
244 3
386 3
1793 3
1211 3
1304 3
762 3
1125 3
371 1 5 3
137 1
322 1
145 1
330 1
705 1
88 9 5 3
218 1 5
1200 3
1001 11
476 1 3
475 4 6
975 1 4 6
1629 1
1440 3
1013 1 4
993 1
1233 9 5
630 1
215 1
652 1
36 1
392 1
283 1
477 1
501 1
266 1
551 1
98 1
786 1
571 1 4
1350 1
832 1
865 6
901 11
365 4
1357 4
1073 6
572 6
1398 3
1408 3
1322 3
742 3
42 3
507 3
26 1 6
271 3
841 3
579 3
578 3
1606 11
1045 1
289 1
74 1 4
1284 1
1696 1
123 1 4
1100 1 3
380 1 4
1232 1 4
1292 9
1265 4
1033 4
1644 4
1224 4
1442 4
429 9
826 12 6
275 11
927 11
1496 11
437 11
1499 11
1635 11 10 13
124 3
235 1
169 1
116 6 3
603 6 3
47 3
1596 5
50 1 6
598 1
814 1
199 1
876 1
348 1
686 1
827 1
996 1
194 1
292 1
641 3
41 1 3
75 3
174 3
638 3
627 1
357 1
128 5
1536 1
1094 1 4
1482 1
812 2 12 6
885 2 12 6
442 11
1675 4
632 1
1798 4
1179 1
514 1 4
15 1
96 1
951 1
1734 10
1422 10
334 3
869 1
11 3
1620 1 6
981 3
317 1
721 4 6
1626 4
1711 4
944 4
506 4
1592 4
1495 4 6
1 1
1717 9 5 11
1129 10 3
1455 10 3
44 6
895 3
178 10
1343 9
451 1
150 1
344 1
611 1
388 1
1173 1
261 11
897 1 4
32 1 4
59 1
1000 1 6
769 1
887 11
1072 3
966 3
491 3
139 9
1506 3
661 11
241 6
288 11
1180 6
163 1
385 5
487 9 5
394 1
358 1
872 1
281 1
720 1
851 1
727 1
1077 1
768 1
253 1
622 1
1639 1
1274 1 4
426 1 4
333 1
541 1 4
845 3
1234 1
725 10
1010 1 10
857 1 10
1615 1
495 3
421 10
325 3
326 3
255 1
922 5 3
929 1 5 13
546 1 14 5
1453 1 5 13
40 3
913 4
773 4
911 1 4 3
192 1 4 3
1390 9 10
1302 9 10
1452 9 10
1698 9 10
1352 9 5
406 1
87 5 11 13
1561 5 11 13
982 1
1081 1
547 3
679 1 2 12 6
1637 6 3
268 1
62 1
172 1
779 10
403 1 4
295 1 11
704 10
321 6
242 1 6
563 1
515 3
156 10 13
488 1 3
223 4 6
576 4 6
1479 1 5 6
1172 1 5 6
1230 1 4 6
673 1 5
1266 1 9 5 3
1662 9 5
1348 9 3
824 9 3
1531 9 3
782 1 3
1221 4
115 5 3
1477 5 3
262 9 5
1242 1 5 11 13
535 4
1723 1 4
1275 1 5
1098 1 9 5
1651 4 5
614 1 4
1196 1
1257 1
647 1
1373 3
206 1 4
353 1
435 1 6
433 1
237 3
269 1 3
86 3
1590 1 5 3
1143 1 5 3
554 1 5
1755 13
404 1 6
114 6
626 1 4
1573 1
917 1
203 1
384 1
568 1
604 1
592 1 4
1228 9 3
1028 1
107 1 4
919 1
361 1 4
1074 3
990 3
523 1
309 3
378 3
1078 1
113 5
290 5 6
734 4
61 3
739 4
755 4
315 1 5
992 1 5 11 3
735 6
780 1
260 6
173 6
100 1
83 6
131 1 6
1214 1 4
558 1 6
274 3
646 3
193 1
20 1
801 1
1607 9 5
1279 9
412 6
912 3
1058 10 3
439 1
1610 5 6 3
790 9
155 10
153 1
530 6 3
1324 3
81 5
585 6 3
636 6 3
910 6 3
1556 1
1472 10
1337 10
918 1 10
51 11
313 10 3
602 3
810 3
213 3
711 1
373 1
328 11
186 1
157 6
478 1
984 5 10 13
1583 5 6
1183 5
787 3
1120 3
802 6 3
184 3
272 3
938 6 3
1392 3
1470 10 3
415 10 3
126 1 5
179 9 5
499 9 5 3
436 9 5
1024 4 5
962 5 10
1579 4 9 5
1553 1
610 1
1694 9 5 6
324 1 4
1141 1 5
31 1
337 4 5
29 9 5
1563 1 4 5
1291 1
553 4
772 4
701 4
417 4
470 4
331 4
675 4
252 4
988 4
526 4
391 9 13
736 4
1139 1
1031 1 5
902 4 9
1134 4
1701 9 5
1666 9
1679 4 9
1692 9 5 3
1688 1 5 11 13
754 1 10
400 4
17 6
427 1
445 1
1403 4
141 4
374 3
533 1
1614 1 4
1577 1
1594 1
1223 1
1652 1
805 1
1622 10
1008 10
1638 10
1508 1 10
1627 10
397 1 6
953 1 5 6
1237 1 5 6
1009 1 5 6
1409 1 5 6
1253 10 3
402 1 4
900 1 4
1805 3
1719 1 5
278 1 4
1406 1 11
259 4 10
831 10 3
467 10 3
1604 1 6
1205 6 10 3
1006 4
251 4
1792 1 11
1699 9
712 6 3
714 5
1557 10
423 10
1124 6
1254 6
538 1 10 3
314 1 10 3
54 1 10 3
1760 1
817 4
443 1 6
57 3
1582 11
112 3
1804 1
1660 3
71 3
89 3
222 3
1195 5 10 3
91 3
1175 4
806 10
164 1
821 1
940 5
1331 1 9 5
382 1 4
368 1 4
482 1 4
66 1 4
1405 11
296 1
635 1 4 5
1084 9 5 3
1504 4 9 3
130 1 4 5
424 1 4 5
798 9 5
1039 1 5
1019 9
1153 9
1537 1 10
685 1 4
1806 1
1248 3
1286 1 5 6
1624 10
1756 10
1243 4
799 4 5
662 4 5
440 4 9 5
500 1
1282 9 5
609 1
1040 6
697 6
1761 3
273 9 5
620 9 5
766 9 5 3
377 1 5
1613 1 2 12 6
1191 9 5
840 9
140 2 12 6
528 1 6
342 6
411 6
834 1 6
408 1 6
318 1
847 1 6
597 1 6
977 1
1642 1
1459 1
419 10 3
1288 10 3
562 10 3
312 6
316 1 5
573 3
804 6
843 4
1485 4
463 6
909 5 3
970 9 5
1593 1 5 3
257 4 5
211 5
1002 13
90 4 5
37 3
494 3
688 3
343 3
121 1 5
294 1
45 1 5
217 1 5
493 1 5
105 1 5
1264 1 2 5
5 6
299 1
623 1 9 5
1041 1 4
416 5 10 3
868 1 4
1677 9 5
301 1
1289 4 9 5
431 1 2
1118 1 4 5 6 3
666 4
706 4
556 1 5
719 1
1465 1
8 1
24 1
106 1
161 1
936 3
30 1 6
593 3
372 3
1467 3
631 3
750 3
1086 3
589 1
752 10
111 1
92 1
383 1 5
508 10 3
1591 1 5 11
387 5 3
474 11 10 13
185 11 10 13
1326 1 3
93 11 13
823 11 10 13
1545 11 13
1300 11
1168 11
1169 11
926 11
1204 11
1061 11 10 13
1157 5 3
875 9 5
282 10
1460 5
881 9 5
916 1 4
1647 1 4
1037 1 4
1547 1 4
136 1 4
621 1 4
914 1
1277 1 4
1217 4 5
1437 1
1093 6 3
1419 6 3
1449 6 3
1412 3
1032 3
1259 3
807 10
1475 3
305 1
816 5 6 3
1523 4
665 4
580 4 9
691 4
1295 1 5
1219 1 3
1293 4
1425 3
1317 4 5 6 3
1654 1 9 5
243 10
352 4 5
1385 3
1597 3
1391 3
1400 3
1672 4 9
588 3
877 9 6
85 3
854 6
52 1
205 1
341 3
612 6
204 1
682 11
3 10
741 11
19 4 5
931 10
1344 1 4 10
656 1 4
884 3
166 6 3
95 3
180 1 6
200 1 6
540 10
1092 5
498 3
565 3
1182 9
1366 3
232 3
133 1 6
577 1
254 1 9 5
1630 1 5
1735 5
425 1 5
608 5 11
182 1
502 1 4
813 1
49 1 4
513 1 4
418 1 4 6
1225 5
1421 4 9
1170 4 5 3
229 5 3
362 1
65 1
667 11
191 1
144 1
79 3
1512 1 4
896 9 5
125 1 4 5
162 10 3
1338 3
960 4
934 6 3
829 1 4
484 10 3
1114 1 9 5
942 3
428 6 10 3
1050 4 9 5
302 1
1256 4 9 5
1036 9 5
878 9 5
1071 10
28 13 3
692 3
1716 4
1413 4
311 3
566 1 4 9
444 4 9 5
1800 5 3
1493 10
1122 9 5
1641 1
898 9 5
1258 6 3
1121 6 3
1558 6 3
503 9 5
570 6 3
1231 1 9
606 9
1020 1 9 5 3
64 1 5 13 3
236 1
746 1 9 5 3
894 4 9
1113 4 9
1634 4 9
747 4 9
1342 4 9
595 4 9
38 1 9 5
227 1 5
767 4 5 6 3
1410 3
270 6 3
1119 3
510 10
849 3
1167 1 5
1360 4
663 6 3
1140 1 6
1268 1
1159 6
432 6
16 1 10 3
1055 9
954 1 10 3
781 10
1320 1 3
1132 1 10 3
856 1 10 3
119 1 5 6 3
1334 10 13
1235 1 9 5
379 1
250 1 5
671 10
1198 5 10
819 5
68 1 5
825 5 6
1213 1 5 6
376 3
789 13 3
1396 3
1174 9
668 5 3
619 1 5 10
1239 10 13
1142 1
740 1
1018 13
228 5
369 9 5 10
1383 9 5
109 6
1062 10
1038 3
1747 3
1394 3
1376 10 3
1399 6 10 3
1222 3
642 9 3
672 1 5 3
1262 9 5 10 3
219 4 5
1633 4 5
1551 4 5
1310 4 5
830 4 5
536 10
1209 3
1090 5 11
537 1 5 3
231 1 6
1068 1 10 3
364 1 9 5 3
84 1 5 6
932 1 11
670 1 4 5 3
1601 1 5 3
247 1 5
1287 1 5
1065 1 5
197 1 5
939 5
1497 1 5
1491 1
285 9 5
1431 10
69 1 5 3
1794 9 5
209 1 5
1371 4 9 5
94 4
696 4
689 4
355 4
246 4 9
1003 4 9
518 1 5
1064 1 10
758 4 9 5
1260 1 5
485 1 5
1148 1 5
409 1 5 6
519 1 5 3
479 9 5
258 1
1471 3
1395 3
1555 3
486 3
625 4 9 5
420 5 3
461 1 9 10 3
659 1 5
1133 1 5
1358 3
370 1 9 5 10 3
307 9 5 6
1562 1 9 5 3
1207 1 6
864 1
176 1 5
1763 1 5
263 9 5 3
1137 1
949 1
308 9 5 6
737 1 6
165 1 5 3
1026 10
465 1 4 5
1397 1 4 5
649 5 3
1765 9 5
1351 1 5 3
848 1 5
698 1 2 5 13 3
1362 1 4 5
1374 4 5
797 4 9 5
863 9 5
310 10 3
70 1 4 5 6
1746 1 4 5
138 1 5 6
354 1 5 6 3
793 5 6
414 5 6
171 1 10 3
822 1 9 5
749 1 9 5
1270 6 10
1520 9 5 3
794 1 5 3
709 1 11
338 1 4
681 1
1510 9 5
1047 5 3
1568 5 11
1743 1 5
1487 1 5
149 4 3
1729 9 5 11
1189 1 11 13
12 1 5
350 1 5
583 9 5
335 5 6
974 1 4 9 5 3
127 1 4 5 6
1147 4 9 6
998 4 5
1404 1 3
1416 3
1079 3
1226 3
1154 1 4
1611 1 5
1240 9 3
1663 1
658 3
160 3
1658 4 5
154 1 4
1272 3
1448 9 3
480 5 3
1056 1 5 10
129 3
1218 6 10 3
1426 1 3
828 3
118 1 4 5 6
757 1 4 5
1190 5 6
1249 5 6 3
1052 5 6 3
1709 5 6 3
1369 5 6 3
997 13
375 3
511 1 10
168 1 5 6
183 10 3
1085 11
1705 1 5
525 1 11 13
360 1 5 3
1135 4
460 1 4
1484 1
1144 3
291 1 4
560 3
1097 1 3
1625 1 5
1428 5 3
177 1 6 3
976 1 4 5
367 1 4
1423 3
101 1
152 1
195 1
717 1 4
1780 1 9 5
1060 1 4
323 6 3
640 1 5 6
1665 9 5
979 3
1544 4
1803 11
683 1 5 10
968 1
212 6 10 3
284 4 9 5
1538 4 5
1255 1 5
320 1 4 6
539 4 5
836 1
198 1
1518 1 5 6
1502 1 5
67 4 9 5
1796 9 5 3
148 1 5 3
892 1 5
505 1 4 9 5 6
1564 1 5
1695 4 9
1075 1
907 1 6 3
987 1 4 5 11
1105 1 3
582 1 3
531 3
1347 3
453 9 5
286 1 4
1548 9 10
1569 1
1023 15
1067 15
496 4 9
1238 1
1543 5 10 3
1095 1 9 5
792 1 10 3
1693 4
1718 4 5
764 1 4 5
1436 6 10 3
1724 4
248 9 5
1087 5
728 1
1151 1
1500 5 6
1441 5 6
1722 5 6
991 1 5 3
867 9 3
904 4 5 6
1621 9 5
1166 9 5 3
1571 1
1088 11
1486 1 5
703 5
464 1 5 3
304 4 5 6
1192 13
1116 1 14 2 5
915 5 3
225 1 4 6
924 1 4 6
1779 1
1443 1 4 5
1554 9 5 6
730 1 4
1668 1 5
1201 9 5
158 4
899 1 5 3
1034 4 9 5
1022 1 9 5
1749 10
1807 1
700 1 2 5
1027 4 9
549 5 3
870 1
1051 5 6 3
1791 1 5 3
1046 4
775 11 10 13
1250 10 3
454 6
1108 5 10
969 1 4
1646 1 5
958 1 6
1445 1 5
774 1 4 5 10
943 1
581 1
1387 1 5
446 5 3
905 1 4 5
1612 1 5
1193 5
1363 13 3
1560 9 5 11
657 1 5 10
1786 9 5 10
1457 1 5 3
1043 9 5 3
1480 1 6
14 9 5
72 1 4 5 6 10
1319 9 5 3
1516 9 5 3
891 1 11 10 3
1104 1 5 3
1797 4
886 9
1076 1 5 3
1703 1 4
1380 10 13
1323 3
10 1 4
1335 4 9 5
347 5
1115 1 5
529 4 5 6
1126 4 5
1014 1 4 5
346 1 6
1714 5
883 1 4 5 6
466 1 10
410 1 10
1513 1
1017 5 3
1112 1 5 10 3
1007 1 5
1424 4 5
1759 1 5
809 11 13
1329 1 4
1127 1
2 5 10 3
1509 5 10 13
39 5 6
645 1
1602 1 4
1781 1
1181 1
1199 9 5 10 3
1102 3
933 6
1771 10 13
575 1 4
1215 1 4 5
980 4 5
230 5 3
1281 1 14 2 5
648 1 4
280 1 4 5
1306 1 5
983 4 5
674 1
637 4 9 5
413 4 5 3
965 1 9 6
447 1
1184 1 10
994 1 5
1049 4
574 12
339 1 5 3
1697 4 5
989 1 4 5 6
134 4 5
1559 1 5
820 1 5 3
1327 9 10
1271 6 3
1578 9 5 3
628 1 6
1163 5
634 6 3
1775 3
542 13 3
1187 1 6
835 3
1152 1 4
1099 3
1446 1 5
1684 1 5 6
1111 4 5
1750 1
1244 5 6 3
1574 5 10 3
1296 1 5
948 1 9 2
1378 5 6 3
1581 1 4 5
327 4 9 3
1091 4 5
1030 1
1712 9 14 10 3
398 1 5
1631 2 5 6 3
481 13
221 1 5
459 4 9 5
208 4 5 10
1433 6
1202 6
852 4 5
170 4 5
1707 4
1158 1
1773 4 5
1661 1 11
971 14 5 10
329 1 4
21 9 10
808 1 4
159 1 5
300 5 3
1649 16 17
1149 4 5
146 5
1572 1 5 11
759 1 5 11
1736 1 4 5
676 5 6 10 3
615 1 4
724 4 9 5
201 3
639 1 5
471 4
1294 4 5
1706 1 5 10
1498 4 5
1530 1 4
527 5 10 3
723 3
1519 1 5 3
1005 1 5
239 1 5
871 1 2 5 6
1720 1 4 5 6 10
142 1 4 5
1533 1 4 5
1766 1 5 6 3
1368 1 4 5
1490 1 4 6
811 14 5 10 3
624 15
678 1 4
1645 1 4 5
959 14 5 10 3
249 1 5
349 1 10 3
687 1 2 12 6
1346 5
1059 1 5
1089 1 4
1702 1 4
1080 1 4
1162 1 4
1535 1 4
842 1
1011 1
1328 9 10
151 1 4 3
1206 1 4
903 1 4
497 10 3
1681 1 14 5
873 6
1063 4 9 5 3
483 1 5 12 6 10
1372 4 9 5 6 10
1276 4 5
297 1
1704 1 14 5 10
928 5 12 6 3
1117 1 4 5
1686 1 4 5 6 3
1131 1 4 9 5
710 5 10
1247 18 15
1384 1 4 9
559 1
336 1 5 6
945 1 4 14 5 6 10 3
1585 4 14 5 10
999 10 3
1311 9 3
866 3
633 6 3
1461 1 4
1210 1 4 5 3
1178 1 10
1429 5 3
363 11 13
1669 9 5 3
1738 9 5 10
1656 1
1285 5 3
708 5
1462 4 5 10
729 14 5 3
1605 5 10 13 3
1473 1 4 5
1521 16 19 15
544 4 5
512 10
1492 1 4 5
1138 16
1541 4 5
732 3
1083 5 10
650 5 3
972 1 5
986 11 13
1595 1 9 5
973 14 3
783 1 4
1808 1
950 14 5 10 3
920 4 5 6
1598 9 5
1016 9 5 6 3
952 1 5 10
906 5 3
818 14 5 6 3
837 1 14 5 6
1546 1 5
946 1 5 10
643 9 13
1130 1 4 5
1447 1 5
1345 5 3
1731 5 3
1216 1 5
590 1 4 5 6
1741 1 5 3
1280 9 10
1438 5 6 3
669 1 6
1534 1 9 5
1685 5 10 3
1308 9 5 10 3
1025 11 13
