32126 1
13038 6 16959
14052 7
29603 16
43399 26
7043 84
33387 90 17274
2280 101
16909 123
14338 123
12167 123
4071 123
34175 125 10264 42331
35959 130 25607
42847 134 24128
43456 136
16719 137 13518
33014 146
13551 146
403 155 22884
36732 160
39268 164 6996
29001 175
8865 176
41212 233
11289 237
29359 240 8564 18391 36533
18813 247
12512 247
7909 254
42339 266 33588 35599 48320
7213 266
44219 269
43962 281
18997 286
18364 301
14860 301 12177
2637 313
26594 319
47061 339
19845 349
46418 356
10376 356 30030
16819 360
22404 372
1727 400
22884 403
13142 424
50254 427
35593 436
10878 436
10345 457 11176
37998 463 18507
18507 463 37998
43506 468
21729 470
25896 471
32687 484
20177 484
25420 494
33082 497
28010 497 12397
22112 498 21772
49370 545 23315 28971
35052 545
6323 545 49373 17605
2051 545
31422 551 2577
2577 551 31422
43651 571
5969 574
45197 599
19969 614 26492
29136 622 28322
7307 625 25360
27832 639
3736 639
19105 642
1252 643
7223 645
31019 649 9045 10775
9045 649 31019 10775
28715 655
14388 665
2144 671 32635
4395 677
24757 680
27780 689 3310
14313 707 14140
11295 710 26094
30667 726
35561 736 48238
8871 769
10741 772 8439
6028 792 28018
10643 793
2064 804
47312 816
4256 824
8451 887
18188 915 14196 29677
4585 922
10234 925
8016 925 41051
50214 929
8326 929 5922 28700
5922 929 8326
48576 945 36232
30851 949
20271 949
28251 958 44659
6290 958 31385 16664
32305 965
25419 982 30030
15260 991
38919 992
20642 1015
39579 1034
26498 1034
34626 1039 33871
44966 1052
9131 1063 46693
20775 1065
27907 1066 23157
35712 1068 25255
5191 1075 42507 19741
23082 1094
25354 1112
43118 1119
23315 1131 49370 40959
9528 1131
5070 1139
1141 1140
5896 1142 43974
10358 1156 6426
3877 1175 43276
17453 1177
8840 1202 22252
25231 1225
32438 1254 47569
7528 1259 4566 4983 6512 7312 40986 28310 21650
4983 1259 7528
23863 1261
21149 1282
32770 1288 8057 27207
43412 1289
36859 1323 4058
42033 1335
31074 1335 45188
40380 1347
23157 1375 50043 33760 27907
5095 1375
4985 1375
4518 1384 20475
5530 1398
22466 1410 18825
43262 1420
35177 1455
31125 1480
29118 1491
28570 1528
43084 1535 16636
39796 1536
38079 1538 43380
17364 1541 10204
29024 1549 43634
19233 1553
24039 1559
38889 1565
38195 1565
27176 1565 20389 35657 29704
24918 1567
27319 1587
23664 1598
40548 1601
11896 1625
24173 1632
11872 1661
40192 1669
40217 1672
48472 1679
28335 1688 29198
23387 1688 20810
20810 1688 23387
23610 1691
44135 1697
6156 1717
20007 1721
10939 1723
2582 1726
45968 1749
34148 1759
26134 1765 27367
10672 1775
50239 1790
6885 1799 5181
5181 1799 6885
19478 1812 10399
21398 1820
45275 1830 49351
24900 1843 30223
3454 1849
2930 1849
21849 1852
29967 1855
41294 1860 5296
10140 1865
27623 1869
40102 1870
19490 1872
15462 1886
34997 1908
11356 1913
46521 1914
23769 1921
44778 1927
2758 1930 22563 19282
24466 1932 3608 18718 23455 39280
25356 1941
12922 1953
5996 1962 7034
46275 1979
19274 1979
3315 1979 27143
43049 1982 34304
9381 1992 8371 29859
29910 1999
5872 2014
4402 2014 32945 32552 25879 10291 8936 5117
6629 2026
14607 2028
18806 2033
12115 2069
18789 2072 42523
39110 2091 8118 46143
8118 2091 46143 39110
38807 2095
41387 2102
42497 2139 31557
32635 2144
34780 2158 21970
47534 2167 36676
2512 2183
42656 2190 6438
6438 2190 42656
11376 2205
37207 2226
28674 2264 19378
45343 2297
32004 2297
7829 2297
36844 2312
5422 2312
40676 2316 35978
2337 2321
50277 2324 42626
22372 2330
10353 2330
24927 2343
2381 2380
8273 2383 34359 10573
44432 2409
12442 2424
46939 2440 9463 37618
33256 2440
2900 2451
6374 2464
43777 2469
19416 2469 17144 34608 23309
16328 2469 20964
6945 2488
20808 2500 8641
38239 2514
24398 2514 12881
12434 2514 6721 22636
23898 2522 47888
37127 2526
10708 2526
27239 2544 22835 47134 46990
41138 2571 28205
39648 2586
28808 2602 19759
22812 2610 18124
45024 2630 18318 30658 40366 46846
30658 2630 45024
18318 2630 7595 45024 25706
24150 2634
30570 2661
29124 2670
15405 2691
7486 2717
3320 2728
22421 2750
13331 2757 18339
22563 2758 37481
19282 2758 26775
22717 2765
44490 2776
10017 2776
29373 2782
16460 2786
42138 2800
29765 2811
20373 2819
45749 2821
29844 2821
25042 2830
31375 2835
23530 2835
12682 2842
44653 2859 17789
30035 2861
19582 2862 12846
28544 2895
20912 2897 9753
20609 2897
10867 2897
7703 2897
3296 2903 42891
7188 2909
42061 2934 28927
30388 2934 44348
5046 2950
36760 2954
31624 2956 44074
29346 2956
39597 2961
20634 2965
32290 2966 31260
5251 2971
26570 2972
20845 2991
11697 2999
10382 3005 43885
9524 3005 36523
41771 3028
14615 3053
41860 3069 12936 28705
26106 3069
17341 3091
12915 3092
30473 3095
47735 3111 18498
30580 3119
13413 3119
21376 3131 13593
12902 3162
44236 3169
32300 3172
20955 3176
7973 3176
6523 3176 45282 29559
26450 3187
44040 3200 46136
38097 3251
4970 3268
4282 3274 42619
45457 3291
6186 3295
42891 3296
27061 3310
27143 3315
48131 3316
41634 3322
47161 3326 27485
39482 3348
29002 3349
22646 3374
24357 3389
11401 3394
16847 3399
38000 3413 42958
8768 3416 31931
29224 3434 12107 21587 30015
14522 3434
49433 3435 40549
45721 3435 8434
30469 3435
44497 3455
18516 3478 20104
25041 3495
5116 3509
3821 3509
7530 3513
11179 3520
38974 3543
24311 3557
21608 3572 21389
7429 3578 39778 17746 13847
27452 3587 21568
40267 3590 7178 14454 39603
48392 3594
5515 3599
28698 3600 39468
28899 3635
27649 3675
39151 3678
21600 3678
38808 3690
17551 3697
17588 3720
33601 3777
37957 3779 30399
33714 3788
14471 3802 29491 22194
21848 3829
12153 3829
16720 3861
26737 3863
43276 3877 40036 40854
18841 3882 25723
44659 3883 28251
35729 3888
23399 3893
41361 3941
31010 3941 15251 30969
44272 3971 28405
4172 4008 42954
9260 4027
19278 4033
41702 4041 6802 23052
21197 4044
30498 4068
46324 4090
41344 4109
50203 4113
42483 4126
45068 4128
35967 4155 48583
15646 4167 4740 33639
42954 4172 47296
30526 4182
8330 4189
11441 4218
36427 4220
26109 4224
7097 4246
43524 4253
44245 4272
42619 4282
26075 4297
42792 4318
25656 4387
32945 4402
32552 4402 32518
25879 4402
10291 4402
8936 4402 5117
5117 4402 34018 19057 8936
5686 4417
22506 4436
33338 4444
34365 4478
30588 4485 27624
6356 4512
20475 4518 47661
17342 4520
4874 4520
23451 4522 9661 23675
23870 4524
4746 4554
16224 4559
4606 4559 44403 42464 41044
19461 4561
7751 4563 36521
34271 4566 6512
6512 4566 34271 7528
27005 4569
20527 4587 5263 19336
9086 4587 33993
29262 4588
49919 4601
38521 4605
44403 4606
42464 4606 41044
41044 4606 12830 42464
19085 4608 28683
34095 4617
42620 4653
11094 4660
33661 4667
28077 4685 22396
6431 4686 26585
47761 4688 48992
29502 4704
7207 4708 44508
49183 4710
36074 4720
46186 4739
31570 4740 15923
17878 4740
30159 4742
16263 4759
11176 4766 10345 46672 36208
31580 4792
30671 4794
9408 4794 21227
25255 4799 35712
32764 4808 49069
14596 4809
45403 4824
32152 4835
5027 4849
19558 4853 18569
5702 4858 48851
32756 4862
13642 4866
35235 4891
11201 4900
34638 4901
38795 4930
6025 4930
8464 4938
8517 4948
15887 4959
23312 4963 19028
28337 4990
16581 5000 37056
5018 5017
32270 5022
30807 5040
48988 5066
31908 5075
25597 5082
43400 5109
46528 5110 44706
34018 5117
19057 5117
21498 5123
18129 5128
19521 5153 31698
32173 5174
42507 5191 34344 40291 46055
19741 5191
34107 5211 27625
27625 5211 34107
35701 5213 21369
28228 5227 7351 26675
16102 5227
47921 5231
24381 5234 16977 31602
19896 5234
41079 5246
5258 5257
33578 5296
19903 5306
34697 5313 47708
48415 5315 7807
41899 5317 9555
35777 5324
33493 5331 5954
39708 5340
5744 5340
21214 5346
18476 5346
46318 5375 25423 36126
18816 5375 9102
47531 5380
14041 5382 18672
46825 5384 9204 45565
48638 5388 42199
47584 5398
40618 5398 6546 30152 44746
19479 5420
8945 5426
38643 5442 43258
22704 5442
47557 5454 25884
25023 5455 34037
8506 5461 25417
18413 5484
14480 5492
47963 5499
42711 5501
22792 5501
47598 5510
46109 5549
9543 5549
6401 5549
26391 5560 27248
39340 5583
24003 5596
36379 5608 28359
28332 5631
6065 5634
31356 5671
48851 5702
26887 5704
39517 5739
16598 5748 35613
17818 5768
46566 5779
41147 5789
27925 5804
30767 5822
16061 5846
49526 5858 44007
29554 5881 28131 31057
35339 5888
43974 5896
13513 5898
21593 5908
48757 5933 15418 44855
27982 5939 35556
33486 5947
48123 5955
38730 5955 25423 38575 43949
38575 5955 47296 45763 38730
25453 5966
30286 5970
32708 5972
18319 5972
8289 5974
36265 5977
22935 5992
13822 5992
7034 5996
42261 6001
41828 6004 6367 39427
39427 6004 6367 41828
29405 6026 7131 20492
28018 6028
45193 6036
13728 6037 13727
13727 6037 13728
6067 6066
23850 6077
45696 6079
34144 6088
19556 6104
40316 6123 34890
47153 6127
18759 6127 9495
18772 6136
12466 6153
48836 6158
24491 6197
48452 6202
42688 6206
49783 6224
49582 6224
44053 6224 15895 31796
32183 6228 19000
19000 6228 7601 32183
28726 6245
13577 6287
31385 6290
16664 6290
45195 6291
27253 6291 40761
28269 6294
45070 6299
49373 6323
17605 6323
36645 6360
33018 6381
6710 6388
8184 6419 33768 24883
35147 6426 32999
6743 6429
26585 6431 37609
46732 6439
22169 6439
47957 6476 22953
31154 6478 26930
47723 6484
42844 6488
6589 6495
45730 6497
45282 6523 29559
29559 6523 45282
44746 6546 37197 40618
44707 6558
32466 6564
28668 6564
46524 6573
26213 6602 31110
10650 6620
33773 6625
17435 6628
15083 6634 20112
29918 6645
20092 6652
30142 6653
41540 6699
27908 6703
11236 6713 10466
11005 6717
12991 6721
25300 6722
9106 6734
40805 6737
33895 6744
8204 6760 48093 28927
38970 6764
17782 6786
14357 6787
30655 6800
32928 6801
38939 6820
34344 6834 42507
47146 6840
49835 6861
14983 6908
28936 6910
31482 6914 16670 41230
21753 6914
16670 6914 31482
29598 6923 33768
30590 6978 22834
22834 6978 10200 11608 30590
32334 6989
28446 7000 18818 20635
8838 7009
28357 7020 46911 35779
15584 7083
13241 7083
35521 7089
11575 7095
9440 7116
21124 7131
25982 7157
18234 7193
43405 7199 34173
37954 7201 36861 43500 41360 40223
37183 7206
44508 7207
23111 7240
33953 7242
13007 7249 30243
48155 7250
26365 7261
40414 7268
39346 7278 19617
33162 7284 26530
25360 7307
16277 7348
8009 7360
34426 7365
21155 7387 38145
19218 7388
22335 7394
29742 7397 34793
16722 7398 9641 13912
14431 7400 43397 39373 36129
39809 7411
29382 7428
39778 7429 29692 37609 37695
17746 7429
13847 7429 11088
42998 7439
47397 7451
32261 7451
44997 7456 42779
21721 7456 49756 44431
18637 7468
44388 7472
37134 7474
8389 7484
45418 7485
21431 7488
31186 7496
37283 7501
17881 7505
19186 7522
40986 7528 33647
28310 7528
21650 7528
42437 7569
24711 7572
10774 7574
37891 7598
35761 7601 27989 40304
10159 7606
46220 7646
31150 7650
21140 7687 46763
30520 7689
9753 7715 20912
43827 7719
36521 7751
48963 7754 29609
14264 7777
21080 7779 8388 26302
8131 7792
36167 7794 50055 38346
31809 7805
31380 7824 33764
22843 7824
32555 7834
39768 7837
35001 7889
32754 7892
42084 7894
48093 7927 8204
41543 7930
23199 7935
13736 7937 28927
11845 7945
36975 7946
18268 7947
23150 7967
12341 7967
25632 7976
35699 7978 31767
44523 7981
26240 7992
41051 8016
10791 8027
49109 8075 23567
46165 8083
47393 8093
30488 8117
46143 8118 39110
9103 8159
33768 8184 29598 34627
24883 8184
36797 8196 27048
35296 8200
28927 8204 13736 24854 42061
44652 8213
20913 8225
37997 8237
36628 8240
34359 8273
10573 8273
23675 8278 23451
12743 8293
22350 8294 44290
36562 8295
39756 8306 8853
17931 8307
28700 8326
38038 8351
12150 8351
22689 8363
34167 8365
10230 8375
26302 8388 19463 21080 41859 35672
40477 8418
8564 8418 29359
28378 8424
24631 8424 27248
31544 8432
32343 8446
24320 8479
43171 8497
25417 8506
31280 8508
41644 8512
37659 8514
46655 8515 21319 33872 46657
11112 8524 20801 17549
34123 8534 30170 45837
39050 8547
15831 8548
46154 8552
40755 8586
21349 8587 12939
32265 8590
10373 8590
28779 8599
13987 8599
17927 8615
41417 8620
36895 8628 21883
21883 8628 14905 36895
18441 8628 38080
10946 8628
23771 8724
19632 8740
23203 8755
9065 8757
18535 8760
28104 8766
31931 8768
21136 8779 22679
42593 8781
44506 8802 29583
12397 8802 28010
41927 8814 27054 39921 45239
33060 8816
9280 8824
22252 8840 22339
41509 8855 11582 35269
18646 8855
24415 8862 34358
13381 8870
45679 8873 34231
50288 8880
32369 8880
23926 8890 13636
23279 8908
32360 8971 46644
28265 8976 39916
23194 8983
40768 8992 16231 31452 33793
22251 8999
9797 9030
9417 9033
10775 9045 31019
18836 9053
34219 9059
31333 9072 12729 42078 36699
33993 9086 22942
30948 9102 25494
25494 9102 30948
38408 9120
16949 9128
46693 9131 47330
20762 9154 22549
11744 9154
49199 9162
41818 9170
23265 9172
40272 9187 38997 39483
39483 9187 45105 40272
48893 9191
36441 9204
44878 9219 29937 41952 44680
37883 9241
19610 9253
26836 9292
20964 9292 16328
28871 9311
24977 9311 25983
20516 9311 47867
37306 9323
36527 9325 16402 16741 48892
38014 9333 24756 36358
31627 9333 23115 23912 30259 43263
34690 9341
47183 9359 21148 44833
41817 9375
29859 9381
21227 9408
26284 9443
14319 9456
13266 9458 39518 34627 28443
18377 9468
30510 9470
33449 9471
37387 9479
20055 9483
25201 9489
35057 9495
32999 9497 35147
36523 9524
10152 9536
40115 9572 37668
9689 9572
36261 9577
31517 9588
37267 9590 46541
24292 9601
26208 9608
29988 9614
35599 9643 29280 42339
34333 9655
27887 9660
14061 9661
26806 9673
24668 9673 17475 42391
41224 9676 18499
18633 9676
43950 9678 37416
47970 9687 29675
13984 9699
27936 9720
30809 9729
45125 9748
36746 9772
17299 9772 50245 22611
32715 9774
10487 9816
43201 9819 24010
22309 9867
32597 9874 26930
26488 9874
12927 9884 39507
18902 9888
12018 9888
10527 9888 46445
33221 9912
15493 9933
25600 9942
10606 9946
10308 9958
41278 9964
24619 9982
9990 9988
9989 9988
38191 9993
11229 9993 25353
39362 9996
32891 9998
38042 10018 12095
37303 10096
43686 10104
17090 10114
30323 10126
12580 10150
15634 10162
28788 10171
30853 10190 22025 28089
33463 10192
25095 10198
49698 10209
39276 10209
35014 10222
12318 10224 29529
19406 10236 30521 30018
19141 10246 29431
13619 10263
21582 10285
23335 10293
17499 10309
33514 10311
24874 10368 10822
36952 10375
30030 10376 25419
24790 10378
30031 10380
43885 10382
38906 10410
35883 10434
44491 10440
42934 10440
27663 10451 26757 27304 43403 36289
13774 10472
33187 10485
35727 10506
11983 10510
46445 10527
38216 10557
42843 10580
39554 10583
13335 10615
45188 10621 31074
20412 10626
29883 10652
40945 10701
48099 10713
35621 10722
46002 10734
22391 10801
18557 10812
38179 10847 24638
33861 10849
11184 10905
11225 10909
39145 10917 40777
35657 10926 27176 47728 37269
36364 10931 19207
11941 10954
16667 10976 48705
35026 10985
34531 10987 41360
21622 11013
47777 11014
39095 11045 19249
36861 11057 37954
13764 11064
16101 11065
39156 11071 46541
23223 11093
20801 11112 17549
17549 11112 20801
28242 11119 30532
38054 11125
32286 11129
22232 11142
20695 11160
46672 11176
36208 11176
13975 11187
40000 11193
25353 11229
31011 11254
26094 11295
28209 11323
43730 11338 22593
33741 11338 23077
15780 11338
14160 11338
12511 11338
49981 11402
26312 11429 12590 22227
12590 11429 45602 26312
20811 11433
17479 11465
33971 11470
38839 11494
39920 11534
21236 11552
31239 11555
36237 11580
41154 11582 33530 38953
12102 11582
36253 11584
29896 11596
22865 11596
34079 11604
40960 11650 23705
20548 11667
15036 11702
14486 11709 15069
13130 11746 41321 37508 28316
32400 11754
37379 11757
25593 11762 34445
30234 11763
46555 11769
41885 11826
28832 11826
30401 11839
30576 11847
44244 11852
18500 11870
34397 11925
36497 11931
18117 11951 50201
48822 11965
19215 11966
33358 11967
12963 11968
37290 11976
31795 12007
15528 12040
27525 12048
21988 12069
30368 12112
16735 12133
30808 12138
24112 12149
27708 12160
26986 12165
16249 12171
15069 12202 14486
39121 12270
29257 12272
19826 12290
18380 12307
44230 12317
29529 12318
28851 12342
14778 12350
20002 12353
29878 12387
20905 12387 38479
48411 12427
48101 12427 33177 37423
33177 12427 48101
31489 12427
36020 12428
22636 12434 40673
26046 12439
48447 12448
49387 12478
32079 12490
20786 12491
29358 12522
35889 12551
20944 12552
30420 12553
40774 12560
41884 12565
27173 12571
45602 12590
21633 12591
38999 12652
27391 12657
36699 12729 31333
30452 12750 23346
33033 12771
26162 12771
13579 12786 37467 21920
38982 12807
35690 12869
45899 12894
12905 12904
42206 12907
39507 12927
47441 12936 17310 43822
40097 12936 33764 36905
23989 12987
26924 12992 39321
19135 12992
31808 12998
14721 13001
31377 13004
30243 13007
13014 13013
45559 13019
16959 13038
14844 13039 48957 20415
24019 13047
15386 13063
22423 13064
36255 13090
13110 13109
33386 13118 21629
31485 13126
17224 13128 31646 24745
41321 13130 33130 45650
37508 13130
28316 13130 39497
41385 13177
46543 13191 16550 44402
18951 13195
42332 13197
16601 13201
30265 13202
40983 13255
39518 13266
34627 13266 33768
28443 13266 22973 35355
48413 13293 21242
18339 13331
27184 13359
31762 13390 21929
21929 13390 31762
36246 13405
19814 13439
45060 13455 32823
32823 13455 45060
28468 13462
25515 13464
40385 13471
24280 13473
34231 13491 45679
15860 13499
27545 13517
20190 13542
30348 13543
36121 13573
37467 13579
21920 13579 40869
45882 13672 49130
38462 13675 29813
23637 13679
31497 13684 19857 46664
32867 13724
27418 13757
17638 13762
28970 13781
33300 13803 42686
14980 13814
43774 13830 30890
18640 13836
26982 13837
21083 13837 14905
46700 13889 14226
37095 13904 32330
46840 13936
37762 13941
20389 13964 29704 27176
26833 13966
18477 13995
26788 14016
15495 14035
32433 14037
18672 14041
25228 14045
38454 14088 25649 34749
28207 14105
31676 14130
32806 14140
44159 14189 48212
21487 14189 20903
17609 14216
20071 14227
23208 14244
46570 14249 35238 42410 47871
32306 14260
38962 14272
41758 14274
22025 14292 30853
28216 14300
30267 14318
15749 14335
39037 14340 24740
19760 14342
41967 14359 22820
32388 14359
43397 14431
39373 14431
36129 14431
20304 14458
29491 14471 22194
22194 14471 29491
34172 14502
42421 14507
42496 14513
19898 14519
36238 14535 39620
23713 14574 19653
37377 14579
15816 14591
42886 14597
25791 14651
48630 14699
45490 14719
17982 14779
26412 14798
44320 14838
48957 14844
20415 14844
31397 14905 22964
44342 14918
49521 14921 42068
17642 14956 39942 19514
37086 14964
22318 14966
42089 14986 20288 38271
41403 14986
39497 14999 28316
47665 15005
35449 15014
32520 15080
20112 15083 38149
15097 15085
19939 15180
40546 15184 27812 44964
16560 15187
44967 15196 47700
23563 15205
46219 15207
24699 15207
28083 15252
39942 15303 17642
15485 15304
19203 15310
22776 15321
35772 15363 33474
33474 15363 35772
47709 15394
15987 15453
21014 15469
15555 15491
49129 15559
27874 15559 24382 25806
38041 15622
33639 15646
32266 15669
31140 15729
31812 15737
46441 15771
34286 15776
38210 15840
26210 15865
36006 15920 31189
47387 15923
41887 15945
16549 15999 36404
48200 16004
17735 16014
34891 16097
26157 16125
48357 16149
20285 16164
41529 16165
16646 16172
40186 16212
25368 16215
24993 16215
26250 16218
21639 16230
29308 16231
48426 16253 22698
22698 16253 48426
48600 16286
22597 16324
44941 16333
23709 16357
39016 16366
42749 16401
41622 16402
20299 16493
49496 16544 25669
30081 16544
19603 16544
36404 16549
37056 16581
31564 16584
44868 16586
35613 16598
18141 16608
48705 16667
45291 16690 40061
23197 16691
34115 16692
36153 16713 35595 36146
36146 16713 36153
49913 16751
21016 16759
37279 16770
26279 16799
45157 16848
17323 16850
33188 16869
38386 16872
22238 16873
17795 16905
17190 16924
43304 16972
42827 16995
48494 17054
43175 17133
50040 17199
33126 17207
50042 17213
31646 17224
24745 17224
24809 17292
20975 17296
50245 17299
22611 17299 46228
36862 17305 27442
37310 17320 39056
44371 17331
23486 17353 33727
21042 17356
35039 17365 36044
47123 17369
28277 17385
39642 17451
40522 17455
25526 17457
47104 17460
19520 17510
49585 17530
37673 17534
29786 17550
36483 17601
24433 17604
49342 17606
49189 17613 30435
47296 17621 38575 41481 42954
38169 17627
40917 17628
19514 17642
28367 17719 34828
17785 17749 44074
45791 17757
48120 17779
24392 17783
44074 17785 30445 31624 34729 35742
45382 17817 45533
19661 17822
17906 17843
21778 17848
44548 17857
26823 17857
28436 17888
30686 17918
39689 17978
50201 18117 30827 36413
18127 18126
29677 18188
45003 18213
25217 18215
24819 18219
40588 18233 39227
44257 18275
44238 18302
25706 18318
22448 18343
21842 18350
41489 18372
25177 18381
27297 18393
39551 18432 46472
38080 18441 31494 33716
46865 18451
41724 18469
24154 18469
30421 18472
26535 18479
41188 18481
32015 18503
48367 18506
37501 18506
30628 18506
28322 18506 29136
20104 18516
41533 18534 27684 34492
35754 18555
36091 18629 22242
37575 18659
43584 18660
29127 18684
44473 18696 41110
31181 18696
38158 18713
25679 18739
42390 18756
30335 18777
42523 18789
33458 18792
36655 18795
25800 18796
38776 18825
36784 18835 33809
25723 18841
44182 18891
49912 18908
48146 18926 23217
22623 18937
19013 18941
45631 18945
45869 18958
20897 18964
49258 18970
25233 19018
27171 19045
44312 19078
34931 19078
28683 19085
24758 19094
29431 19141
36993 19161 33800
35645 19196
43795 19207
40778 19214
22471 19221
19469 19235 28564 23599
26582 19260
31223 19265
26218 19281
26775 19282
37652 19284
19291 10818
33324 19326
49810 19361
29702 19385 49142
33472 19386
41616 19400 37503
30521 19406
30018 19406 41360 35816 35162
20031 19412 32190 29351 29066
34608 19416
23309 19416
35083 19436
43999 19439
28564 19469
23599 19469
19475 19473
33353 19510
31698 19521 23961
21872 19544 47826
22371 19564
25603 19570
31575 19585
39328 19642 44440
23007 19706
24317 19728
46587 19737 40037
41633 19763
28507 19818
24184 19833
30964 19842
23038 19870
20442 19920
26492 19969
49566 19994
39817 20009
32190 20031 29351
29351 20031 32190
29066 20031 23940 24920
49253 20047
45983 20093
38149 20112 45859
21439 20146 22003
33096 20147
40820 20149
20680 20167 23940 22360
46360 20188
39441 20195
26344 20198
41854 20230 38929
34625 20252
26135 20255 47593 35955
49700 20273
20670 20274
37360 20282
38271 20288 42089
27679 20292 29292
25850 20313
27884 20314 25874
37587 20365
29704 20389 27176
45402 20421 44064
50275 20430
37655 20436
34173 20473 43405
47661 20475
37514 20479
34378 20489
47867 20516
22663 20545
30593 20565
43470 20579
31034 20581
32991 20589 32873
35322 20648 28882
35089 20660 40754
25184 20660 24842
23940 20680 29066
22360 20680 32124
21519 20687 48241 40471
32081 20688
22183 20697
33669 20700
36575 20707
45782 20712
35101 20718 23842
22549 20762
20968 20783
44677 20790
21949 20791
32782 20804 22512 29338 42658
24991 20804
26236 20813
34009 20818
25361 20842
28418 20880
32273 20893
43250 20903
38479 20905 31967
42830 20938
33915 20947
21371 20959
26271 20963
30715 20986
47822 20988 46616 49090
47635 20989
21932 20995
27142 21086
29488 21092
43954 21109
24377 21110
22679 21136
46763 21140
38145 21155
25741 21181
26442 21210 32761
37699 21225
35365 21242
28012 21268
37252 21277
33147 21277
37854 21314
35215 21319
23476 21336
31039 21354
21390 21366
49675 21378
43853 21406
23300 21406 49843
22003 21439
48289 21454
37810 21491
39840 21501
38218 21508
39253 21510
48241 21519
40471 21519
31037 21559
30099 21569
33933 21573 43807
30998 21586
36768 21589 23412 32127
22585 21589
22383 21589
24203 21615
39281 21641
34035 21686
22214 21720
49756 21721
44431 21721 21913
32569 21732
45786 21743
33435 21780 40419
32108 21810
34729 21819 26883 44074
30818 21826
24131 21836
36245 21840
35608 21843
42379 21868
47826 21872
28800 21913 41360
38746 21916
40869 21920
48344 21925 28607
44007 21954 49526
42658 21969 32782
30649 21997
26310 22050
42938 22067 43371
23564 22067
49531 22076 26166 39198
26166 22076 49531 41842
45633 22084 27624
48693 22091
24403 22097 44416
45058 22144
38491 22156
44364 22227 42283
42283 22227 44364
32752 22227
26719 22243
44816 22248
25886 22250
22339 22252
33461 22272
39929 22291
38579 22338
35506 22345 47265
44290 22350
32124 22360
41517 22370
40063 22384
29482 22384
44763 22393
31932 22427
30063 22468
24635 22470 38508
27248 22487 24631 26391
46686 22512 27809 43075
22613 22518
45533 22543 45382
32230 22546
33654 22558
37481 22563 39435
42438 22576
27901 22595 34543
40959 22598 23315
46228 22611 41390
40673 22636 16428 41302
48387 22642
28560 22662
50168 22674
43012 22676 27048
32428 22699
25623 22730
33867 22732
46161 22745
22764 22760
25994 22775
34970 22778
42129 22810 50128
31750 22816
22827 22820
26964 22842
41248 22875
43381 22886 28050
28050 22886 43381
46361 22973
36511 23006
24108 23010 35849
29869 23036
47089 23052 28890
45999 23056
33784 23063
43096 23070 27316
32893 23070
27316 23070 43096
38658 23144
30241 23149
33374 23152
27190 23152
50043 23157
33760 23157
32460 23169 30426
30426 23169 32460
36221 23184
24182 23187
26356 23202 44544
27968 23222
35893 23227
36010 23242
33663 23261
26604 23264
28502 23276
27384 23282
46644 23286 32360 48532
46020 23286
33677 23289
49782 23290
49843 23300 48419
23934 23305 31398
42046 23313 30097
44971 23321
38705 23321
44771 23325
33058 23325 31994
41084 23346
39203 23346
46055 23364 42507
38841 23395
39930 23408
49263 23428 26505
41008 23441
26160 23455
49139 23467
33727 23486
43708 23488
26877 23492
23887 23510
41646 23572
31889 23605
45675 23633 24665 43424
24707 23654
38336 23658
46043 23662 30374
23967 23671
42909 23684
49360 23704
45069 23733 50138
42377 23736
48421 23743
47848 23812
48362 23837
37067 23854
24214 23856
26726 23859
47888 23898 42162
45537 23910
31398 23934
39849 23981
36608 24002
30069 24010
33194 24030
35849 24108
45034 24116
47229 24142
30682 24158
34296 24172 28761
27845 24178
41117 24200
32536 24220
30434 24225
25441 24256
40783 24278
26840 24286
31602 24381
45141 24388
44489 24401
44416 24403
41709 24404
34358 24415
30012 24420
30785 24424
24524 24428
34006 24429
39893 24449
31652 24453
24529 24459
31364 24461
36778 24464 33261
39280 24466
45144 24527
38557 24552
46718 24594
45155 24615
24634 24633
38508 24635
36049 24638
27751 24641
38067 24643 44194
42391 24668 32836
27456 24744
30719 24756
26408 24756
47692 24760
45341 24760 29868
49885 24812
37399 24821
33913 24855
31465 24897
30223 24900
32706 24922
48687 24930
26020 24955
30760 24964
25983 24977
32969 25001 45137
25024 25021
34037 25023
34110 25035
38114 25047
49307 25059
32565 25067
37725 25069
47304 25153
27054 25153 41927
31557 25175 42497 33809
43263 25204 31627
34609 25209
36910 25212
41345 25221
26011 25235
32320 25270
40225 25286
39755 25304
25326 25325
48333 25327
43716 25355
25359 8853
37806 25366
40536 25413
37478 25467
44611 25470
44591 25472
35286 25533
49604 25554
30559 25564
29356 25575 27772
34445 25593
27687 25602
35673 25638 38708
29487 25672 27053
37517 25676
42698 25700
48996 25728
50086 25772
45777 25781
28275 25845
49397 25878
40733 25906
34661 25907 45799
30763 25950
49918 25960
37597 25968
28053 25969
30557 25972
26026 26004
37982 26042
49332 26061
45090 26078 28333
32524 26111
47134 26120 27239
27367 26134
47593 26135 28167
35955 26135
41842 26166
33245 26190
31110 26213 30925 47732
45870 26215
32833 26217 32481
26933 26248
27182 26251
44006 26283
41859 26302 8388
35672 26302
30425 26330
47293 26331
35886 26354
44544 26356
26367 26366
26372 26371
41657 26400
42947 26401
26428 26427
32761 26442 32541
37343 26463
49960 26464
26476 26475
48074 26509
37003 26518
37609 26585 40742 39778
45539 26598
26611 26610
26629 26628
42949 26646
42969 26648 30361
30361 26648 42969 30675
27353 26655 44423
27212 26665
33198 26752
46780 26782
49170 26830 34179
26844 26843
30376 26864
32753 26874
40796 26879 35870 43035
39267 26893
29226 26902
49383 26915
47839 26916
37611 26923
39321 26924
44627 26998
27020 27019
48314 27025 35500
40274 27025
33876 27025 49713
27042 27041
30346 27077
27148 27147
27155 27154
27157 27156
39223 27177
27206 27205
38651 27209
38064 27220 28966 42029
46990 27239
40761 27253
35914 27268
42616 27269
32924 27292
44906 27309
45892 27315
27346 27343 27344 27345
27344 27343 27346
44423 27353
35007 27356
32277 27359
37746 27400
27402 27401
31494 27409 38080
38995 27421
48446 27467
46850 27481
50072 27504
46768 27519
37213 27613
34903 27632
37620 27636 37424
43403 27663
36289 27663
37773 27667
37999 27678
29292 27679
29675 27727 47970
27730 27729
47886 27736
43269 27736
44143 27742 28033
29041 27744
41110 27745 44473
41475 27791
36044 27797 35039
34331 27839
38629 27878
33332 27879
34543 27901
39220 27929
42776 27942
28488 27971
46795 27980 48125
35556 27982
42484 28085 28894
46985 28114
31057 28131 29554
38787 28161
48741 28179
39123 28182
29645 28184
42997 28206
30532 28242
41061 28254
39916 28265
46720 28283 35720
28326 9373
29198 28335
42047 28352
46911 28357
35779 28357
34828 28367
38219 28387
35355 28443
47328 28455
44860 28559
32073 28562
43018 28565
32639 28581 43608
46242 28592
30445 28680 44074
39468 28698
46746 28750
31232 28761
31527 28783
41360 28800 30018 34531 37954 39760 44698
34746 28813 35912
47636 28897 48132
45683 28904 31420
31420 28904 45683
38965 28965 37812
48399 28971
32132 28991
39871 28997
47870 29003
29005 29004 17600 38722
38722 29005
43634 29024
37436 29032
39161 29076
40026 29083
35595 29129 36153
30777 29175 31767
50120 29178
33892 29185 47177 41059
49641 29218
45463 29223
30015 29224
46152 29242
46124 29242
49244 29261
34315 29265
38183 29281
38566 29316
42395 29344 43079
38346 29344 36167
42303 29353
34540 29354 32412
36533 29359
29425 29423
45977 29436 33586
49203 29447
36295 29455
42895 29472
29955 29513 41564 37247
31954 29517
43561 29524
34100 29545
47599 29583
30470 29628
47105 29679
49142 29702
36569 29705
31289 29707
34793 29742
31767 29755 30777 35699
46188 29764
30700 29792
47530 29820 44950
46212 29887
29972 29905
41025 29921
47074 29929
38095 29930
41952 29937 45557 44878
38817 29937
43707 29946 42466
41564 29955 44461
37247 29955
36872 29964
40898 29968 39142
35816 30018
35162 30018
50010 30036
34951 30055
43421 30070
35011 30074
47410 30096
40734 30144
38831 30169
34667 30186
45719 30189
49894 30204
40992 30240 38314 47541
30249 30248
37281 30259
47917 30274
47122 30278
40635 30280
38543 30282
49196 30289
40023 30291
44141 30300
44415 30312
43638 30343
42006 30343
49792 30349 34852
35238 30352 46570
30675 30361
39416 30362 35279
44348 30388
45904 30410
31116 30410 37322
39774 30431
33179 30456
34798 30479
32345 30513
43760 30606
35605 30608
49713 30664 33876
40594 30711
30759 30731
33649 30779
41939 30831
48267 30902
38493 30969
41355 30971
33999 31004
48375 31055
39401 31076
33780 31080
47732 31110 32208
37322 31116
45823 31134
36324 31204 42121 41809
37293 31272
31481 31282
39028 31283
37734 31325
32870 31327 39239
42078 31333
33764 31380 40097
44462 31393
46386 31405
42414 31417
38259 31427
36763 31433
46868 31442
37674 31442
39847 31479
41230 31482
46664 31497
42160 31550
33809 31557 36784
42293 31612
31645 493
47445 31666
36361 31684
43100 31685
31911 31693 37396
40712 31695
36419 31701
47575 31739
34165 31751
49046 31757
39356 31760
31940 31771
43973 31828
49897 31842 32703
32526 31866
37396 31911 47922
32056 31923
46274 31937
42041 31965
40890 31981 40467
44802 31994 32968
48156 31995
32336 32002
45384 32036
46656 32053
32785 32070
34010 32095 46265
37335 32136
46520 32156
34694 32192
35463 32194
45599 32259
37579 32323
45993 32335 38099
38099 32335 45993
35577 32338
36847 32340
48730 32353
45372 32415
47569 32438
40047 32458
50074 32479
33589 32481
43371 32502 42938
43079 32502 42395
43536 32534 38175
41481 32534 34447 47728 47296
44199 32549
41501 32556 46034
44341 32599
35531 32613
33330 32613
43694 32614
36037 32626 35998
35998 32626 35997 36037
35997 32626 35998
42351 32634
43608 32639
32641 32640
43845 32648
44542 32688
42892 32739
49017 32740
47120 32744
42411 32758
49069 32764
47795 32822
36058 32853
37821 32856
37553 32860 44402
42989 32863
34492 32865 41533
39239 32870
43363 32873
37583 32910 47032
34356 32927
48824 32958
41919 32968
45137 32969
37812 33021 38965
33313 33021
37238 33041
37431 33062
36162 33074 34066
33488 33108
39114 33149
37159 33174
43517 33234
41576 33273
42686 33300
34642 33319
35336 33336
46104 33396
40419 33435
44755 33459
44502 33477
43323 33481
45333 33498 46431
46794 33502
48869 33572
45381 33572
45361 33576
48555 33606
35700 33608
36648 33623
41552 33644
38528 33679
35196 33690
35481 33692
37873 33712
44770 33739
36398 33739 35049
45018 33766
41603 33838
38548 33848
49126 33853
46393 33856
39140 33881
47177 33892 37453 43370
41059 33892
35224 33900
43165 33903
47340 33907
43807 33933 45856
50266 33987
49760 34000 35338
46265 34010
43143 34030
38306 34113 49359
45837 34123
42463 34139
35918 34163
42331 34175
37949 34178 41004
45971 34218
43590 34261
41580 34268
45061 34288
49745 34300
41346 34312
41916 34348 36183
39632 34406
44950 34432 47530
43206 34462 48886
42076 34515
45665 34549 35471
47728 34558 35657 41481
45704 34563
38171 34587
43040 34588 38006 43646
38006 34588 43040
37313 34629
45799 34661
47708 34697
41333 34706
35912 34746
39024 34771
39094 34844
35797 34888
42209 34911
42542 34925
46007 34952
41384 34975
39760 34995 41360
40754 35089
47275 35100
42471 35103 37084 46111
46078 35111 38711
47582 35120
45461 35125
45873 35126
49011 35132
36011 35140
50270 35172
37624 35174
38861 35176
43969 35333
35391 35360
41819 35421
47946 35434
47032 35434 37583
41113 35435
37984 35455
39851 35467 49944
45310 35479
35500 35488 48314
35936 35497 41131
47265 35506
50264 35532
45666 35537
38648 35546
42134 35549
46654 35550
43005 35552 40711
48238 35561
36823 35580 41482
41418 35636
37269 35657
38708 35673
37111 35702
43658 35753
40304 35761
35827 35818 41071
41071 35827
47785 35894 42295
36115 35901
44408 35903
41131 35936 43446
46001 35958
48583 35967
49554 35979
49923 36003
37208 36089
39474 36116
39033 36132
41972 36151
36151 30410 41972
50055 36167
37426 36236
39620 36238 39227
44402 36299 37553 46543
49543 36318
42121 36324
41809 36324
47663 36334
38332 36341
40394 36347
43826 36349
45550 36380
45056 36479
36733 36479
48892 36527
48662 36547
47014 36588 37316 50208 47179
48145 36614
49914 36793
45036 36793 41092
42116 36793
45148 36820
41482 36823
36877 36876
48665 36905
39355 36939
46213 36953
41313 36954 42740
40753 36966
43204 36989
47686 37014
44919 37036
42605 37045
49687 37125
39066 37148
42291 37186
49462 37188
47925 37226
37761 37234
39190 37240
46541 37267 39156
39056 37310
44036 37367
40622 37367
47922 37396
45308 37401
38555 37448
38506 37451
39435 37481
39634 37484
40742 37609
41878 37754
47429 37816
46140 37830
45105 37862 39483
41149 37881
40856 37899
37916 37915
38594 37935
39526 37941
41004 37949
43500 37954
40223 37954
42958 38000
49955 38007
47376 38012
38480 38053
42029 38064
44194 38067
47691 38068
43380 38079
48420 38096
40883 38115
46222 38144
45859 38149
47073 38164
40436 38175
39868 38185
47243 38193
44096 38193
45907 38203
49359 38306
48023 38361
49545 38435
48202 38438
43780 38438
39931 38438
39584 38438
46392 38473
43802 38502
47005 38529
45763 38575 40265
43985 38598
39235 38598
44758 38621
43258 38643
43949 38730
40523 38763
46773 38822
40173 38827
43071 38843
49969 39038
45826 39115
40777 39145
49657 39201
43124 39242
39272 39265
44440 39328
49553 39395
41203 39395
48291 39467
43190 39516
48644 39532 41998
46472 39551
47714 39564
46478 39598
46372 39664
40903 39665
48560 39697 46431
47006 39744 40699
40699 39744 47006
47444 39766
45624 39770
42393 39823
49944 39851
47451 39918
47920 39974
48432 40003
46100 40029
49983 40045
41055 40098
43060 40103
46217 40114
46846 40366 45024
40443 40442
41204 40472
41452 40525
44964 40546
48008 40587
41302 40673
40723 40722
41553 40750
43035 40796
41453 40815 30600
41413 40838
44512 40991
47541 40992
42752 40999
46576 41033
41069 41068
46823 41096
43446 41131
41184 41182 41183
41183 41182 41184
41311 41190
45199 41238
48783 41245
43364 41258
42740 41313
45650 41321
44698 41360
47664 41365
42724 41407
41985 41461
46034 41501
44461 41564
47842 41614 46033
42885 41708
43198 41740
50106 41754
42704 41810
47790 41894
45239 41927
44787 41940
45557 41952
41999 41995
48595 42039
47811 42069
45535 42069
49723 42100
46481 42105
50128 42129
42929 42149
48486 42158
48750 42168
45817 42317 49364
42329 42328 44374
44374 42329
48320 42339
49759 42340
45462 42342
42407 3620
47871 42410 46570
46319 42410
47527 42467
46111 42471
48820 42508
48609 42609
50189 42705
43438 42799
47517 42837
45725 42867
43646 43040
49572 43095
48886 43206
44241 43290
47118 43417
44237 43433
44871 43531
44792 43800
45856 43807
48991 43837
44930 43980
43986 43521
46136 44040
46444 44091
44178 44124
48212 44159
46845 44162
46503 44164
46037 44323
48589 44387
48105 44449
48261 44482
45735 44572
47633 44617
44649 3674
46926 44672
46134 44738
46533 44918
46532 44918
45219 44945
47700 44967
46018 45021
50138 45069
48003 45111
45712 45126 46595
49208 45134
49362 45162
46912 45236
45822 45268
49351 45275
46431 45333 48560
48838 45342
46766 45355
47433 45379
48259 45419
45922 45441
45910 45530
46595 45712
47022 45738
45893 45753
48885 45806
49364 45817
49130 45882
49217 45923
50022 45972
47401 45972
46614 46004
50225 46028
46753 46092
46547 46203
49920 46243
47391 46380
47660 46451
48532 46644
46657 46655
47330 46693
48125 46795
46884 46883
49128 46960
47752 46979
49334 46991
48475 46991
50208 47014
47179 47014
47933 47029
49413 47127
47923 47399
48775 47486
47614 47612
48132 47636
48992 47761
49090 47822
48455 7727
49034 48465
48728 1036
50163 48853
49381 48907
49093 48969 49466
49466 49093
49721 49453
49785 18505
49852 49850
1 32126
6 13038
7 14052
16 29603
26 43399
84 7043
90 33387
101 2280
123 16909 14338 12167 4071
125 34175
130 35959
134 42847
136 43456
137 16719
146 33014 13551
155 403
160 36732
164 39268
175 29001
176 8865
233 41212
237 11289
240 29359
247 18813 12512
254 7909
266 42339 7213
269 44219
281 43962
286 18997
301 18364 14860
313 2637
319 26594
339 47061
349 19845
356 46418 10376
360 16819
372 22404
400 1727
424 13142
427 50254
436 35593 10878
457 10345
463 37998 18507
468 43506
470 21729
471 25896
484 32687 20177
494 25420
497 33082 28010
498 22112
545 49370 35052 6323 2051
551 31422 2577
571 43651
574 5969
599 45197
614 19969
622 29136
625 7307
639 27832 3736
642 19105
643 1252
645 7223
649 31019 9045
655 28715
665 14388
671 2144
677 4395
680 24757
689 27780
707 14313
710 11295
726 30667
736 35561
769 8871
772 10741
792 6028
793 10643
804 2064
816 47312
824 4256
887 8451
915 18188
922 4585
925 10234 8016
929 50214 8326 5922
945 48576
949 30851 20271
958 28251 6290
965 32305
982 25419
991 15260
992 38919
1015 20642
1034 39579 26498
1039 34626
1052 44966
1063 9131
1065 20775
1066 27907
1068 35712
1075 5191
1094 23082
1112 25354
1119 43118
1131 23315 9528
1139 5070
1140 1141
1142 5896
1156 10358
1175 3877
1177 17453
1202 8840
1225 25231
1254 32438
1259 7528 4983
1261 23863
1282 21149
1288 32770
1289 43412
1323 36859
1335 42033 31074
1347 40380
1375 23157 5095 4985
1384 4518
1398 5530
1410 22466
1420 43262
1455 35177
1480 31125
1491 29118
1528 28570
1535 43084
1536 39796
1538 38079
1541 17364
1549 29024
1553 19233
1559 24039
1565 38889 38195 27176
1567 24918
1587 27319
1598 23664
1601 40548
1625 11896
1632 24173
1661 11872
1669 40192
1672 40217
1679 48472
1688 28335 23387 20810
1691 23610
1697 44135
1717 6156
1721 20007
1723 10939
1726 2582
1749 45968
1759 34148
1765 26134
1775 10672
1790 50239
1799 6885 5181
1812 19478
1820 21398
1830 45275
1843 24900
1849 3454 2930
1852 21849
1855 29967
1860 41294
1865 10140
1869 27623
1870 40102
1872 19490
1886 15462
1908 34997
1913 11356
1914 46521
1921 23769
1927 44778
1930 2758
1932 24466
1941 25356
1953 12922
1962 5996
1979 46275 19274 3315
1982 43049
1992 9381
1999 29910
2014 5872 4402
2026 6629
2028 14607
2033 18806
2069 12115
2072 18789
2091 39110 8118
2095 38807
2102 41387
2139 42497
2158 34780
2167 47534
2183 2512
2190 42656 6438
2205 11376
2226 37207
2264 28674
2297 45343 32004 7829
2312 36844 5422
2316 40676
2321 2337
2324 50277
2330 22372 10353
2343 24927
2380 2381
2383 8273
2409 44432
2424 12442
2440 46939 33256
2451 2900
2464 6374
2469 43777 19416 16328
2488 6945
2500 20808
2514 38239 24398 12434
2522 23898
2526 37127 10708
2544 27239
2571 41138
2586 39648
2602 28808
2610 22812
2630 45024 30658 18318
2634 24150
2661 30570
2670 29124
2691 15405
2717 7486
2728 3320
2750 22421
2757 13331
2765 22717
2776 44490 10017
2782 29373
2786 16460
2800 42138
2811 29765
2819 20373
2821 45749 29844
2830 25042
2835 31375 23530
2842 12682
2859 44653
2861 30035
2862 19582
2895 28544
2897 20912 20609 10867 7703
2903 3296
2909 7188
2934 42061 30388
2950 5046
2954 36760
2956 31624 29346
2961 39597
2965 20634
2966 32290
2971 5251
2972 26570
2991 20845
2999 11697
3005 10382 9524
3028 41771
3053 14615
3069 41860 26106
3091 17341
3092 12915
3095 30473
3111 47735
3119 30580 13413
3131 21376
3162 12902
3169 44236
3172 32300
3176 20955 7973 6523
3187 26450
3200 44040
3251 38097
3268 4970
3274 4282
3291 45457
3295 6186
3310 27780 27061
3316 48131
3322 41634
3326 47161
3348 39482
3349 29002
3374 22646
3389 24357
3394 11401
3399 16847
3413 38000
3416 8768
3434 29224 14522
3435 49433 45721 30469
3455 44497
3478 18516
3495 25041
3509 5116 3821
3513 7530
3520 11179
3543 38974
3557 24311
3572 21608
3578 7429
3587 27452
3590 40267
3594 48392
3599 5515
3600 28698
3608 24466
3635 28899
3675 27649
3678 39151 21600
3690 38808
3697 17551
3720 17588
3777 33601
3779 37957
3788 33714
3802 14471
3829 21848 12153
3861 16720
3863 26737
3882 18841
3883 44659
3888 35729
3893 23399
3941 41361 31010
3971 44272
4008 4172
4027 9260
4033 19278
4041 41702
4044 21197
4058 36859
4068 30498
4090 46324
4109 41344
4113 50203
4126 42483
4128 45068
4155 35967
4167 15646
4182 30526
4189 8330
4218 11441
4220 36427
4224 26109
4246 7097
4253 43524
4272 44245
4297 26075
4318 42792
4387 25656
4417 5686
4436 22506
4444 33338
4478 34365
4485 30588
4512 6356
4520 17342 4874
4522 23451
4524 23870
4554 4746
4559 16224 4606
4561 19461
4563 7751
4566 34271 7528 6512
4569 27005
4587 20527 9086
4588 29262
4601 49919
4605 38521
4608 19085
4617 34095
4653 42620
4660 11094
4667 33661
4685 28077
4686 6431
4688 47761
4704 29502
4708 7207
4710 49183
4720 36074
4739 46186
4740 31570 17878 15646
4742 30159
4759 16263
4766 11176
4792 31580
4794 30671 9408
4799 25255
4808 32764
4809 14596
4824 45403
4835 32152
4849 5027
4853 19558
4858 5702
4862 32756
4866 13642
4891 35235
4900 11201
4901 34638
4930 38795 6025
4938 8464
4948 8517
4959 15887
4963 23312
4990 28337
5000 16581
5017 5018
5022 32270
5040 30807
5066 48988
5075 31908
5082 25597
5109 43400
5110 46528
5123 21498
5128 18129
5153 19521
5174 32173
5211 34107 27625
5213 35701
5227 28228 16102
5231 47921
5234 24381 19896
5246 41079
5257 5258
5263 20527
5296 41294 33578
5306 19903
5313 34697
5315 48415
5317 41899
5324 35777
5331 33493
5340 39708 5744
5346 21214 18476
5375 46318 18816
5380 47531
5382 14041
5384 46825
5388 48638
5398 47584 40618
5420 19479
5426 8945
5442 38643 22704
5454 47557
5455 25023
5461 8506
5484 18413
5492 14480
5499 47963
5501 42711 22792
5510 47598
5549 46109 9543 6401
5560 26391
5583 39340
5596 24003
5608 36379
5631 28332
5634 6065
5671 31356
5704 26887
5739 39517
5748 16598
5768 17818
5779 46566
5789 41147
5804 27925
5822 30767
5846 16061
5858 49526
5881 29554
5888 35339
5898 13513
5908 21593
5933 48757
5939 27982
5947 33486
5954 33493
5955 48123 38730 38575
5966 25453
5970 30286
5972 32708 18319
5974 8289
5977 36265
5992 22935 13822
6001 42261
6004 41828 39427
6026 29405
6036 45193
6037 13728 13727
6066 6067
6077 23850
6079 45696
6088 34144
6104 19556
6123 40316
6127 47153 18759
6136 18772
6153 12466
6158 48836
6197 24491
6202 48452
6206 42688
6224 49783 49582 44053
6228 32183 19000
6245 28726
6287 13577
6291 45195 27253
6294 28269
6299 45070
6360 36645
6367 41828 39427
6381 33018
6388 6710
6419 8184
6426 35147 10358
6429 6743
6439 46732 22169
6476 47957
6478 31154
6484 47723
6488 42844
6495 6589
6497 45730
6546 44746 40618
6558 44707
6564 32466 28668
6573 46524
6602 26213
6620 10650
6625 33773
6628 17435
6634 15083
6645 29918
6652 20092
6653 30142
6699 41540
6703 27908
6713 11236
6717 11005
6721 12991 12434
6722 25300
6734 9106
6737 40805
6744 33895
6760 8204
6764 38970
6786 17782
6787 14357
6800 30655
6801 32928
6802 41702
6820 38939
6834 34344
6840 47146
6861 49835
6908 14983
6910 28936
6914 31482 21753 16670
6923 29598
6978 30590 22834
6989 32334
6996 39268
7000 28446
7009 8838
7020 28357
7083 15584 13241
7089 35521
7095 11575
7116 9440
7131 29405 21124
7157 25982
7178 40267
7193 18234
7199 43405
7201 37954
7206 37183
7240 23111
7242 33953
7249 13007
7250 48155
7261 26365
7268 40414
7278 39346
7284 33162
7312 7528
7348 16277
7351 28228
7360 8009
7365 34426
7387 21155
7388 19218
7394 22335
7397 29742
7398 16722
7400 14431
7411 39809
7428 29382
7439 42998
7451 47397 32261
7456 44997 21721
7468 18637
7472 44388
7474 37134
7484 8389
7485 45418
7488 21431
7496 31186
7501 37283
7505 17881
7522 19186
7569 42437
7572 24711
7574 10774
7595 18318
7598 37891
7601 35761 19000
7606 10159
7646 46220
7650 31150
7687 21140
7689 30520
7715 9753
7719 43827
7754 48963
7777 14264
7779 21080
7792 8131
7794 36167
7805 31809
7807 48415
7824 31380 22843
7834 32555
7837 39768
7889 35001
7892 32754
7894 42084
7927 48093
7930 41543
7935 23199
7937 13736
7945 11845
7946 36975
7947 18268
7967 23150 12341
7976 25632
7978 35699
7981 44523
7992 26240
8027 10791
8057 32770
8075 49109
8083 46165
8093 47393
8117 30488
8159 9103
8196 36797
8200 35296
8213 44652
8225 20913
8237 37997
8240 36628
8278 23675
8293 12743
8294 22350
8295 36562
8306 39756
8307 17931
8351 38038 12150
8363 22689
8365 34167
8371 9381
8375 10230
8388 26302 21080 41859
8418 40477 8564
8424 28378 24631
8432 31544
8434 45721
8439 10741
8446 32343
8479 24320
8497 43171
8508 31280
8512 41644
8514 37659
8515 46655
8524 11112
8534 34123
8547 39050
8548 15831
8552 46154
8586 40755
8587 21349
8590 32265 10373
8599 28779 13987
8615 17927
8620 41417
8628 36895 21883 18441 10946
8641 20808
8724 23771
8740 19632
8755 23203
8757 9065
8760 18535
8766 28104
8779 21136
8781 42593
8802 44506 12397
8814 41927
8816 33060
8824 9280
8853 39756 25359
8855 41509 18646
8862 24415
8870 13381
8873 45679
8880 50288 32369
8890 23926
8908 23279
8971 32360
8976 28265
8983 23194
8992 40768
8999 22251
9030 9797
9033 9417
9053 18836
9059 34219
9072 31333
9102 30948 25494 18816
9120 38408
9128 16949
9154 20762 11744
9162 49199
9170 41818
9172 23265
9187 40272 39483
9191 48893
9204 46825 36441
9219 44878
9241 37883
9253 19610
9292 26836 20964
9311 28871 24977 20516
9323 37306
9325 36527
9333 38014 31627
9341 34690
9359 47183
9375 41817
9443 26284
9456 14319
9458 13266
9463 46939
9468 18377
9470 30510
9471 33449
9479 37387
9483 20055
9489 25201
9495 35057 18759
9497 32999
9536 10152
9572 40115 9689
9577 36261
9588 31517
9590 37267
9601 24292
9608 26208
9614 29988
9641 16722
9643 35599
9655 34333
9660 27887
9661 23451 14061
9673 26806 24668
9676 41224 18633
9678 43950
9687 47970
9699 13984
9720 27936
9729 30809
9748 45125
9772 36746 17299
9774 32715
9816 10487
9819 43201
9867 22309
9874 32597 26488
9884 12927
9888 18902 12018 10527
9912 33221
9933 15493
9942 25600
9946 10606
9958 10308
9964 41278
9982 24619
9988 9990 9989
9993 38191 11229
9996 39362
9998 32891
10018 38042
10096 37303
10104 43686
10114 17090
10126 30323
10150 12580
10162 15634
10171 28788
10190 30853
10192 33463
10198 25095
10200 22834
10204 17364
10209 49698 39276
10222 35014
10224 12318
10236 19406
10246 19141
10263 13619
10264 34175
10285 21582
10293 23335
10309 17499
10311 33514
10368 24874
10375 36952
10378 24790
10380 30031
10399 19478
10410 38906
10434 35883
10440 44491 42934
10451 27663
10466 11236
10472 13774
10485 33187
10506 35727
10510 11983
10557 38216
10580 42843
10583 39554
10615 13335
10621 45188
10626 20412
10652 29883
10701 40945
10713 48099
10722 35621
10734 46002
10801 22391
10812 18557
10822 24874
10847 38179
10849 33861
10905 11184
10909 11225
10917 39145
10926 35657
10931 36364
10954 11941
10976 16667
10985 35026
10987 34531
11013 21622
11014 47777
11045 39095
11057 36861
11064 13764
11065 16101
11071 39156
11088 13847
11093 23223
11119 28242
11125 38054
11129 32286
11142 22232
11160 20695
11187 13975
11193 40000
11254 31011
11323 28209
11338 43730 33741 15780 14160 12511
11402 49981
11429 26312 12590
11433 20811
11465 17479
11470 33971
11494 38839
11534 39920
11552 21236
11555 31239
11580 36237
11582 41509 41154 12102
11584 36253
11596 29896 22865
11604 34079
11608 22834
11650 40960
11667 20548
11702 15036
11709 14486
11746 13130
11754 32400
11757 37379
11762 25593
11763 30234
11769 46555
11826 41885 28832
11839 30401
11847 30576
11852 44244
11870 18500
11925 34397
11931 36497
11951 18117
11965 48822
11966 19215
11967 33358
11968 12963
11976 37290
12007 31795
12040 15528
12048 27525
12069 21988
12095 38042
12107 29224
12112 30368
12133 16735
12138 30808
12149 24112
12160 27708
12165 26986
12171 16249
12177 14860
12202 15069
12270 39121
12272 29257
12290 19826
12307 18380
12317 44230
12342 28851
12350 14778
12353 20002
12387 29878 20905
12427 48411 48101 33177 31489
12428 36020
12439 26046
12448 48447
12478 49387
12490 32079
12491 20786
12522 29358
12551 35889
12552 20944
12553 30420
12560 40774
12565 41884
12571 27173
12591 21633
12652 38999
12657 27391
12729 36699 31333
12750 30452
12771 33033 26162
12786 13579
12807 38982
12830 41044
12846 19582
12869 35690
12881 24398
12894 45899
12904 12905
12907 42206
12936 47441 41860 40097
12939 21349
12987 23989
12992 26924 19135
12998 31808
13001 14721
13004 31377
13013 13014
13019 45559
13039 14844
13047 24019
13063 15386
13064 22423
13090 36255
13109 13110
13118 33386
13126 31485
13128 17224
13177 41385
13191 46543
13195 18951
13197 42332
13201 16601
13202 30265
13255 40983
13293 48413
13359 27184
13390 31762 21929
13405 36246
13439 19814
13455 45060 32823
13462 28468
13464 25515
13471 40385
13473 24280
13491 34231
13499 15860
13517 27545
13518 16719
13542 20190
13543 30348
13573 36121
13636 23926
13672 45882
13675 38462
13679 23637
13684 31497
13724 32867
13757 27418
13762 17638
13781 28970
13803 33300
13814 14980
13830 43774
13836 18640
13837 26982 21083
13889 46700
13904 37095
13912 16722
13936 46840
13941 37762
13964 20389
13966 26833
13995 18477
14016 26788
14035 15495
14037 32433
14045 25228
14088 38454
14105 28207
14130 31676
14140 32806 14313
14189 44159 21487
14196 18188
14216 17609
14226 46700
14227 20071
14244 23208
14249 46570
14260 32306
14272 38962
14274 41758
14292 22025
14300 28216
14318 30267
14335 15749
14340 39037
14342 19760
14359 41967 32388
14454 40267
14458 20304
14502 34172
14507 42421
14513 42496
14519 19898
14535 36238
14574 23713
14579 37377
14591 15816
14597 42886
14651 25791
14699 48630
14719 45490
14779 17982
14798 26412
14838 44320
14905 31397 21883 21083
14918 44342
14921 49521
14956 17642
14964 37086
14966 22318
14986 42089 41403
14999 39497
15005 47665
15014 35449
15080 32520
15085 15097
15180 19939
15184 40546
15187 16560
15196 44967
15205 23563
15207 46219 24699
15251 31010
15252 28083
15303 39942
15304 15485
15310 19203
15321 22776
15363 35772 33474
15394 47709
15418 48757
15453 15987
15469 21014
15491 15555
15559 49129 27874
15622 38041
15669 32266
15729 31140
15737 31812
15771 46441
15776 34286
15840 38210
15865 26210
15895 44053
15920 36006
15923 47387 31570
15945 41887
15999 16549
16004 48200
16014 17735
16097 34891
16125 26157
16149 48357
16164 20285
16165 41529
16172 16646
16212 40186
16215 25368 24993
16218 26250
16230 21639
16231 40768 29308
16253 48426 22698
16286 48600
16324 22597
16333 44941
16357 23709
16366 39016
16401 42749
16402 41622 36527
16493 20299
16544 49496 30081 19603
16550 46543
16584 31564
16586 44868
16608 18141
16636 43084
16690 45291
16691 23197
16692 34115
16713 36153 36146
16741 36527
16751 49913
16759 21016
16770 37279
16799 26279
16848 45157
16850 17323
16869 33188
16872 38386
16873 22238
16905 17795
16924 17190
16972 43304
16977 24381
16995 42827
17054 48494
17133 43175
17144 19416
17199 50040
17207 33126
17213 50042
17274 33387
17292 24809
17296 20975
17305 36862
17310 47441
17320 37310
17331 44371
17353 23486
17356 21042
17365 35039
17369 47123
17385 28277
17451 39642
17455 40522
17457 25526
17460 47104
17475 24668
17510 19520
17530 49585
17534 37673
17550 29786
17601 36483
17604 24433
17606 49342
17613 49189
17621 47296
17627 38169
17628 40917
17719 28367
17749 17785
17757 45791
17779 48120
17783 24392
17789 44653
17817 45382
17822 19661
17843 17906
17848 21778
17857 44548 26823
17888 28436
17918 30686
17978 39689
18124 22812
18126 18127
18213 45003
18215 25217
18219 24819
18233 40588
18275 44257
18302 44238
18343 22448
18350 21842
18372 41489
18381 25177
18391 29359
18393 27297
18432 39551
18451 46865
18469 41724 24154
18472 30421
18479 26535
18481 41188
18498 47735
18499 41224
18503 32015
18506 48367 37501 30628 28322
18534 41533
18555 35754
18569 19558
18629 36091
18659 37575
18660 43584
18684 29127
18696 44473 31181
18713 38158
18718 24466
18739 25679
18756 42390
18777 30335
18792 33458
18795 36655
18796 25800
18818 28446
18825 38776 22466
18835 36784
18891 44182
18908 49912
18926 48146
18937 22623
18941 19013
18945 45631
18958 45869
18964 20897
18970 49258
19018 25233
19028 23312
19045 27171
19078 44312 34931
19094 24758
19161 36993
19196 35645
19207 43795 36364
19214 40778
19221 22471
19235 19469
19249 39095
19260 26582
19265 31223
19281 26218
19284 37652
10818 19291
19326 33324
19336 20527
19361 49810
19378 28674
19385 29702
19386 33472
19400 41616
19412 20031
19436 35083
19439 43999
19463 26302
19473 19475
19510 33353
19544 21872
19564 22371
19570 25603
19585 31575
19617 39346
19642 39328
19653 23713
19706 23007
19728 24317
19737 46587
19759 28808
19763 41633
19818 28507
19833 24184
19842 30964
19857 31497
19870 23038
19920 20442
19994 49566
20009 39817
20047 49253
20093 45983
20146 21439
20147 33096
20149 40820
20167 20680
20188 46360
20195 39441
20198 26344
20230 41854
20252 34625
20255 26135
20273 49700
20274 20670
20282 37360
20288 42089 38271
20292 27679
20313 25850
20314 27884
20365 37587
20421 45402
20430 50275
20436 37655
20473 34173
20479 37514
20489 34378
20545 22663
20565 30593
20579 43470
20581 31034
20589 32991
20635 28446
20648 35322
20660 35089 25184
20687 21519
20688 32081
20697 22183
20700 33669
20707 36575
20712 45782
20718 35101
20783 20968
20790 44677
20791 21949
20804 32782 24991
20813 26236
20818 34009
20842 25361
20880 28418
20893 32273
20903 43250 21487
20938 42830
20947 33915
20959 21371
20963 26271
20986 30715
20988 47822
20989 47635
20995 21932
21086 27142
21092 29488
21109 43954
21110 24377
21148 47183
21181 25741
21210 26442
21225 37699
21242 48413 35365
21268 28012
21277 37252 33147
21314 37854
21319 46655 35215
21336 23476
21354 31039
21366 21390
21369 35701
13593 21376
21378 49675
21389 21608
21406 43853 23300
21454 48289
21491 37810
21501 39840
21508 38218
21510 39253
21559 31037
21568 27452
21569 30099
21573 33933
21586 30998
21587 29224
21589 36768 22585 22383
21615 24203
21629 33386
21641 39281
21686 34035
21720 22214
21732 32569
21743 45786
21772 22112
21780 33435
21810 32108
21819 34729
21826 30818
21836 24131
21840 36245
21843 35608
21868 42379
21913 44431 28800
21916 38746
21925 48344
21954 44007
21969 42658
21970 34780
21997 30649
22050 26310
22067 42938 23564
22076 49531 26166
22084 45633
22091 48693
22097 24403
22144 45058
22156 38491
22227 44364 42283 32752 26312
22242 36091
22243 26719
22248 44816
22250 25886
22272 33461
22291 39929
22338 38579
22345 35506
22370 41517
22384 40063 29482
22393 44763
22396 28077
22427 31932
22468 30063
22470 24635
22487 27248
22512 46686 32782
22518 22613
22543 45533
22546 32230
22558 33654
22576 42438
22593 43730
22595 27901
22598 40959
22642 48387
22662 28560
22674 50168
22676 43012
22699 32428
22730 25623
22732 33867
22745 46161
22760 22764
22775 25994
22778 34970
22810 42129
22816 31750
22820 41967 22827
22835 27239
22842 26964
22875 41248
22886 43381 28050
22942 33993
22953 47957
22964 31397
22973 46361 28443
23006 36511
23010 24108
23036 29869
23052 47089 41702
23056 45999
23063 33784
23070 43096 32893 27316
23077 33741
23115 31627
23144 38658
23149 30241
23152 33374 27190
23169 32460 30426
23184 36221
23187 24182
23202 26356
23217 48146
23222 27968
23227 35893
23242 36010
23261 33663
23264 26604
23276 28502
23282 27384
23286 46644 46020
23289 33677
23290 49782
23305 23934
23313 42046
23321 44971 38705
23325 44771 33058
23346 41084 39203 30452
23364 46055
23395 38841
23408 39930
23412 36768
23428 49263
23441 41008
23455 26160 24466
23467 49139
23488 43708
23492 26877
23510 23887
23567 49109
23572 41646
23605 31889
23633 45675
23654 24707
23658 38336
23662 46043
23671 23967
23684 42909
23704 49360
23705 40960
23733 45069
23736 42377
23743 48421
23812 47848
23837 48362
23842 35101
23854 37067
23856 24214
23859 26726
23910 45537
23912 31627
23961 31698
23981 39849
24002 36608
24010 43201 30069
24030 33194
24116 45034
24128 42847
24142 47229
24158 30682
24172 34296
24178 27845
24200 41117
24220 32536
24225 30434
24256 25441
24278 40783
24286 26840
24382 27874
24388 45141
24401 44489
24404 41709
24420 30012
24424 30785
24428 24524
24429 34006
24449 39893
24453 31652
24459 24529
24461 31364
24464 36778
24527 45144
24552 38557
24594 46718
24615 45155
24633 24634
24638 38179 36049
24641 27751
24643 38067
24665 45675
24740 39037
24744 27456
24756 38014 30719 26408
24760 47692 45341
24812 49885
24821 37399
24842 25184
24854 28927
24855 33913
24897 31465
24920 29066
24922 32706
24930 48687
24955 26020
24964 30760
25001 32969
25021 25024
25035 34110
25047 38114
25059 49307
25067 32565
25069 37725
25153 47304 27054
25175 31557
25204 43263
25209 34609
25212 36910
25221 41345
25235 26011
25270 32320
25286 40225
25304 39755
25325 25326
25327 48333
25355 43716
25366 37806
25413 40536
25423 46318 38730
25467 37478
25470 44611
25472 44591
25533 35286
25554 49604
25564 30559
25575 29356
25602 27687
25607 35959
25638 35673
25649 38454
25669 49496
25672 29487
25676 37517
25700 42698
25728 48996
25772 50086
25781 45777
25806 27874
25845 28275
25874 27884
25878 49397
25884 47557
25906 40733
25907 34661
25950 30763
25960 49918
25968 37597
25969 28053
25972 30557
26004 26026
26042 37982
26061 49332
26078 45090
26111 32524
26120 47134
26190 33245
26215 45870
26217 32833
26248 26933
26251 27182
26283 44006
26330 30425
26331 47293
26354 35886
26366 26367
26371 26372
26400 41657
26401 42947
26427 26428
26463 37343
26464 49960
26475 26476
26505 49263
26509 48074
26518 37003
26530 33162
26598 45539
26610 26611
26628 26629
26646 42949
26648 42969 30361
26655 27353
26665 27212
26675 28228
26752 33198
26757 27663
26782 46780
26830 49170
26843 26844
26864 30376
26874 32753
26879 40796
26883 34729
26893 39267
26902 29226
26915 49383
26916 47839
26923 37611
26930 32597 31154
26998 44627
27019 27020
27025 48314 40274 33876
27041 27042
27048 43012 36797
27053 29487
27077 30346
27147 27148
27154 27155
27156 27157
27177 39223
27205 27206
27207 32770
27209 38651
27220 38064
27268 35914
27269 42616
27292 32924
27304 27663
27309 44906
27315 45892
27343 27346 27344
27345 27346
27356 35007
27359 32277
27400 37746
27401 27402
27409 31494
27421 38995
27442 36862
27467 48446
27481 46850
27485 47161
27504 50072
27519 46768
27613 37213
27624 45633 30588
27632 34903
27636 37620
27667 37773
27678 37999
27684 41533
27727 29675
27729 27730
27736 47886 43269
27742 44143
27744 29041
27745 41110
27772 29356
27791 41475
27797 36044
27809 46686
27812 40546
27839 34331
27878 38629
27879 33332
27929 39220
27942 42776
27971 28488
27980 46795
27989 35761
28033 44143
28085 42484
28089 30853
28114 46985
28131 31057 29554
28161 38787
28167 47593
28179 48741
28182 39123
28184 29645
28205 41138
28206 42997
28254 41061
28283 46720
9373 28326
28333 45090
28352 42047
28359 36379
28387 38219
28405 44272
28455 47328
28559 44860
28562 32073
28565 43018
28581 32639
28592 46242
28607 48344
28680 30445
28705 41860
28750 46746
28761 34296 31232
28783 31527
28813 34746
28882 35322
28890 47089
28894 42484
28897 47636
28904 45683 31420
28965 38965
28966 38064
28971 49370 48399
28991 32132
28997 39871
29003 47870
29004 29005
17600 29005
29032 37436
29076 39161
29083 40026
29129 35595
29175 30777
29178 50120
29185 33892
29218 49641
29223 45463
29242 46152 46124
29261 49244
29265 34315
29280 35599
29281 38183
29316 38566
29338 32782
29344 42395 38346
29353 42303
29354 34540
20492 29405
29423 29425
29436 45977
29447 49203
29455 36295
29472 42895
29513 29955
29517 31954
29524 43561
29545 34100
29583 47599 44506
29609 48963
29628 30470
29679 47105
29692 39778
29705 36569
29707 31289
29755 31767
29764 46188
29792 30700
29813 38462
29820 47530
29868 45341
29887 46212
29905 29972
29921 41025
29929 47074
29930 38095
29937 44878 41952 38817
29946 43707
29964 36872
29968 40898
30036 50010
30055 34951
30070 43421
30074 35011
30096 47410
30097 42046
30144 40734
30152 40618
30169 38831
30170 34123
30186 34667
30189 45719
30204 49894
30240 40992
30248 30249
30259 37281 31627
30274 47917
30278 47122
30280 40635
30282 38543
30289 49196
30291 40023
30300 44141
30312 44415
30343 43638 42006
30349 49792
30352 35238
30362 39416
30374 46043
30399 37957
30410 45904 31116 36151
30431 39774
30435 49189
30456 33179
30479 34798
30513 32345
30606 43760
30608 35605
30664 49713
30711 40594
30731 30759
30779 33649
30827 50201
30831 41939
30890 43774
30902 48267
30925 31110
30969 38493 31010
30971 41355
31004 33999
31055 48375
31076 39401
31080 33780
31134 45823
31189 36006
31204 36324
31260 32290
31272 37293
31282 31481
31283 39028
31325 37734
31327 32870
31393 44462
31405 46386
31417 42414
31427 38259
31433 36763
31442 46868 37674
31452 40768
31479 39847
31550 42160
31612 42293
493 31645
31666 47445
31684 36361
31685 43100
31693 31911
31695 40712
31701 36419
31739 47575
31751 34165
31757 49046
31760 39356
31771 31940
31796 44053
31828 43973
31842 49897
31866 32526
31923 32056
31937 46274
31965 42041
31967 38479
31981 40890
31994 44802 33058
31995 48156
32002 32336
32036 45384
32053 46656
32070 32785
32095 34010
32127 36768
32136 37335
32156 46520
32192 34694
32194 35463
32259 45599
32323 37579
32330 37095
32335 45993 38099
32338 35577
32340 36847
32353 48730
32412 34540
32415 45372
32458 40047
32479 50074
32481 33589 32833
32502 43371 43079
32518 32552
32534 43536 41481
32541 32761
32549 44199
32556 41501
32599 44341
32613 35531 33330
32614 43694
32626 36037 35998 35997
32634 42351
32640 32641
32648 43845
32688 44542
32703 49897
32739 42892
32740 49017
32744 47120
32758 42411
32822 47795
32836 42391
32853 36058
32856 37821
32860 37553
32863 42989
32865 34492
32873 43363 32991
32910 37583
32927 34356
32958 48824
32968 44802 41919
33021 37812 33313
33041 37238
33062 37431
33074 36162
33108 33488
33130 41321
33149 39114
33174 37159
33234 43517
33261 36778
33273 41576
33319 34642
33336 35336
33396 46104
33459 44755
33477 44502
33481 43323
33498 45333
33502 46794
33530 41154
33572 48869 45381
33576 45361
33586 45977
33588 42339
33606 48555
33608 35700
33623 36648
33644 41552
33647 40986
33679 38528
33690 35196
33692 35481
33712 37873
33716 38080
33739 44770 36398
33766 45018
33793 40768
33800 36993
33838 41603
33848 38548
33853 49126
33856 46393
33871 34626
33872 46655
33881 39140
33900 35224
33903 43165
33907 47340
33987 50266
34000 49760
34030 43143
34066 36162
34113 38306
34139 42463
34163 35918
34178 37949
34179 49170
34218 45971
34261 43590
34268 41580
34288 45061
34300 49745
34304 43049
34312 41346
34348 41916
34406 39632
34432 44950
34447 41481
34462 43206
34515 42076
34549 45665
34558 47728
34563 45704
34587 38171
34588 43040 38006
34629 37313
34706 41333
34749 38454
34771 39024
34844 39094
34852 49792
34888 35797
34890 40316
34911 42209
34925 42542
34952 46007
34975 41384
34995 39760
35049 36398
35100 47275
35103 42471
35111 46078
35120 47582
35125 45461
35126 45873
35132 49011
35140 36011
35172 50270
35174 37624
35176 38861
35269 41509
35279 39416
35333 43969
35338 49760
35360 35391
35421 41819
35434 47946 47032
35435 41113
35455 37984
35467 39851
35471 45665
35479 45310
35488 35500
35497 35936
35532 50264
35537 45666
35546 38648
35549 42134
35550 46654
35552 43005
35580 36823
35636 41418
35702 37111
35720 46720
35742 44074
35753 43658
35818 35827
35870 40796
35894 47785
35901 36115
35903 44408
35958 46001
35978 40676
35979 49554
36003 49923
36089 37208
36116 39474
36126 46318
36132 39033
36183 41916
36232 48576
36236 37426
36299 44402
36318 49543
36334 47663
36341 38332
36347 40394
36349 43826
36358 38014
36380 45550
36413 50201
36479 45056 36733
36547 48662
36588 47014
36614 48145
36676 47534
36793 49914 45036 42116
36820 45148
36876 36877
36905 48665 40097
36939 39355
36953 46213
36954 41313
36966 40753
36989 43204
37014 47686
37036 44919
37045 42605
37084 42471
37125 49687
37148 39066
37186 42291
37188 49462
37197 44746
37226 47925
37234 37761
37240 39190
37316 47014
37367 44036 40622
37401 45308
37416 43950
37423 48101
37424 37620
37448 38555
37451 38506
37453 47177
37484 39634
37503 41616
37618 46939
37668 40115
37695 39778
37754 41878
37816 47429
37830 46140
37862 45105
37881 41149
37899 40856
37915 37916
37935 38594
37941 39526
38007 49955
38012 47376
38053 38480
38068 47691
38096 48420
38115 40883
38144 46222
38164 47073
38175 43536 40436
38185 39868
38193 47243 44096
38203 45907
38314 40992
38361 48023
38435 49545
38438 48202 43780 39931 39584
38473 46392
38502 43802
38529 47005
38598 43985 39235
38621 44758
38711 46078
38763 40523
38822 46773
38827 40173
38843 43071
38929 41854
38953 41154
38997 40272
39038 49969
39115 45826
39142 40898
39198 49531
39201 49657
39227 40588 39620
39242 43124
39265 39272
39395 49553 41203
39467 48291
39516 43190
39532 48644
39564 47714
39598 46478
39603 40267
39664 46372
39665 40903
39697 48560
39744 47006 40699
39766 47444
39770 45624
39823 42393
39918 47451
39921 41927
39974 47920
40003 48432
40029 46100
40036 43276
40037 46587
40045 49983
40061 45291
40098 41055
40103 43060
40114 46217
40265 45763
40291 42507
40366 46846 45024
40442 40443
40467 40890
40472 41204
40525 41452
40549 49433
40587 48008
16428 40673
40711 43005
40722 40723
40750 41553
40815 41453
40838 41413
40854 43276
40991 44512
40999 42752
41033 46576
41068 41069
41092 45036
41096 46823
41182 41184 41183
41190 41311
41238 45199
41245 48783
41258 43364
41365 47664
41390 46228
41407 42724
30600 41453
41461 41985
41614 47842
41708 42885
41740 43198
41754 50106
41810 42704
41894 47790
9555 41899
41940 44787
41995 41999
41998 48644
42039 48595
42068 49521
42069 47811 45535
42100 49723
42105 46481
42149 42929
42158 48486
42162 47888
42168 48750
42199 48638
42295 47785
42317 45817
42328 42329
42340 49759
42342 45462
3620 42407
42410 47871 46570 46319
42466 43707
42467 47527
42508 48820
42609 48609
42626 50277
42705 50189
42779 44997
42799 43438
42837 47517
42867 45725
43075 46686
43095 49572
43290 44241
43370 47177
43417 47118
43424 45675
43433 44237
43531 44871
43800 44792
43822 47441
43837 48991
43980 44930
43521 43986
44064 45402
44091 46444
44124 44178
44162 46845
44164 46503
44323 46037
44387 48589
44449 48105
44482 48261
44572 45735
44617 47633
3674 44649
44672 46926
44680 44878
44706 46528
44738 46134
44833 47183
44855 48757
44918 46533 46532
44945 45219
45021 46018
45111 48003
45126 45712
45134 49208
45162 49362
45236 46912
45268 45822
45342 48838
45355 46766
45379 47433
45419 48259
45441 45922
45530 45910
45565 46825
45738 47022
45753 45893
45806 48885
45923 49217
45972 50022 47401
46004 46614
46028 50225
46033 47842
46092 46753
46203 46547
46243 49920
46380 47391
46451 47660
46616 47822
46883 46884
46960 49128
46979 47752
46991 49334 48475
47029 47933
47127 49413
47399 47923
47486 48775
47612 47614
32208 47732
48419 49843
7727 48455
48465 49034
1036 48728
48853 50163
48907 49381
48969 49093
49453 49721
18505 49785
49850 49852
