2108 13558
1322 115
345 315
1547 1182
325 633
580 74
273 114 9
1387 162
1578 22478 18290
2010 273
744 162
162 744
168 198
1438 874
742 145
246 6200
570 55 221
41 42
76 186 204
186 204
791 105
770 14091
1056 221
1751 726
1350 17 1557
1692 2313
214 42
1036 2108
1316 1600
1722 114 249
2663 145
1391 105
127 105
753 68
302 181
1065 834
764 633
209 345 315
1433 114
1432 114
219 531
124 105
726 120
1489 104
2583 325
2378 365
1182 105
198 249 114
326 1081 162
116 9
249 198 114
1191 463
955 1702
790 576 562
476 145
2261 196
1347 399
1242 0
1623 62
52 576
613 812
694 160
581 357
633 764
1690 209 315
689 297
693 346
537 1037
68 753
264 357
475 198 249
189 572 13713
6 0
576 52
1661 42
268 586
587 116
536 1037
2048 119
269 586
1081 162 326
457 1202
497 62
1159 25707
241 198 249
586 268
705 5315
160 409
583 1159
1942 198
240 198
86 55
2078 16603
836 834 1134
22 55
1066 1942
852 1182
562 576
2320 1322
923 365
9 216
382 512
593 240
1891 160
104 880
1134 836
1902 1928
958 509 137
90 55
1279 162
1162 198
1037 198 503
166 114
248 2339
135 42
834 836
2166 1697
14 231 137
1981 34788
31 339
675 136
155 353
74 204
5 74 204
37 216
128 74
1499 231
250 27
191 11
582 268 586
430 204 74
409 160 1891
291 509
735 4300
440 135
646 74 204
204 74
1010 323
1371 211
77 186 204
397 27
481 120
146 216
161 10066
1537 873
50 249
205 198
619 24037
639 861
861 781
308 837
15 231 137
602 27
47 42
917 918
862 264
918 917
880 216
66 586 268
519 357
1869 1108
784 1302
171 1348
1348 171
1653 27
2354 2081
8 365
506 151
374 353
151 137
645 268
498 586 268
247 268 586
896 2081
1729 323
2446 194
1142 9591 2411
315 345 209
503 1037
2265 26
88 332
332 11
79 14
176 42
547 42
2139 32990
1341 1551
1488 151
1167 14
594 1159
3000 2780
3740 3335
2779 2780
3427 2713
2973 3164 5576
2979 2766
2992 2766
3489 2787
3782 3898
4637 3118
5271 4064
4679 22648
5272 4064
2823 3875
5449 3174
2672 4621
2976 4477
4621 2672
3121 2976
5210 2672
5141 2766
4559 4419
5222 4022
2829 915
2777 2882
2870 3492
4911 3056
4464 3541
3957 3541
3541 4464
2752 2887 2494
2713 2780
3785 3541
4477 2976
3204 2761
3914 4548 3657
3376 4681
4681 3057
4644 5476 3163
3861 3475 3336
3475 3336 3861
3111 3204
4311 2779
3783 3605
4368 4250
3869 5593 2203
4922 3925
4012 2755 2762
3076 3912
3925 4922
2762 4012 2755
2974 3541
3605 3783
3682 4608
4608 2746
4044 4938
3634 3749
2787 3489
2965 2194
4666 3875
4406 2788
3603 3647
3125 4266
4575 3859
3031 4965
4548 3657 3914
5460 3967
3249 4419 3667
3389 1324
4266 3125
4021 3164
5576 3164
2767 2665
3932 3389
3473 1163
2457 25957
4801 4707
4051 3358
2734 2735
4629 3358
3274 2948
2981 3675
3533 3121
2766 2992
3071 26472
4259 25370 4482
4118 26472
3124 4939
4547 29340
5593 3869
3097 5304
4214 4192
3392 2766
3542 2976
3715 2771
3466 4033
3507 2788 2857
3993 5402
2494 2752 2887
5041 5042
3004 3005
4981 3266
3300 3266
439 3266
2743 4813
3454 3657
2804 3076
2885 2810 2886
2887 2752
2990 3728 3657
5120 3728
5032 3975
3234 2755
3164 2973 5576
5570 3335
5216 3357
4712 937
3667 3249 4419
3964 30808
3912 3076
5208 4702
3056 4911
3286 2780
3899 3907 2882
3907 2882 3899
3134 2678 2780
2679 3134
4353 3134
2678 2780 3134
3969 2788
3581 3720
3720 3581
5476 3163
3231 3647
3297 2692
4099 5414
4625 2912
3057 4681
4149 3388
3388 4149
4744 4822
4900 3492
4110 2784
2784 4110
3102 2780
4417 2988
3349 2780
3015 3218
4357 2780
2464 3022
4523 5419
4989 3153
3913 2678
5436 2780
3406 1163
3007 3357
4172 3357
5095 3335
2203 25154
2696 3153
5455 3332
2783 2780
3157 2973
3731 4192
5106 4999
3163 5476
3863 2857
3945 3029
2978 4041
2788 2857
3175 3344
2815 3798
3638 2791
3728 3657
3545 3638
3266 439
3396 2942
2914 2678 3134
4964 4965
4965 4964
3734 937
4043 2988
4960 3401
5346 5286
5005 4822
4157 4158
3226 2083
5479 3657
4726 2852
2904 4523
2758 4523
3319 3500
4273 4635
2995 2696 3153
3763 3499
2693 22304
4643 3199
3954 2928
5358 25370 4482
4773 3728
2836 3096
3499 3763
2838 4192
3322 3096
2791 2780
2674 3357
3022 2780
3598 2780
3436 2846
2086 2702
3153 2696
2746 4608
3095 5419
4340 2811
5372 4464
3549 2928
3975 5032
2124 3174
3781 2690
2938 2780
2950 2282
3881 34521
4127 3118
3184 3344
2738 4452
4916 937
5350 4999
3358 4629
2724 2716
3820 3076
3255 4025
5301 2882
2761 3204
2689 2945
3086 2780
4177 2918
5013 3163
5284 2811
2918 4177
3482 18813
2953 3357
4780 3173
4234 2976
4238 4822
3554 3212
3354 27594
3621 4457
4993 937
2886 2810
3096 3322 2836
4702 2665
5527 2998 3720
3029 3945
5337 3734
4822 3004
3242 3967
4158 4157
4795 3249
5546 3358
4556 3157
4176 2918
2810 2886 2885
2698 2728
3293 4283
3357 2674
4251 5472
4610 3550
1163 3406
4250 4368
4208 3638
3292 4283
3141 14727
2083 3226
5472 4251
2801 2945
2882 3164 5576
2760 2915
2986 5142
5590 17882
2816 2788
2747 2780
2236 4707
2802 2945
4742 4192
4081 5254
3905 4724
15281 12697
5867 14706
12880 7656
16002 11508
10715 1983
17102 12160
7655 10844
7032 9906
5660 8169
16649 8997
17837 9541
12695 12184 6877
12160 17102
12469 9140
12581 6013
1983 10715
9897 12695 6877
9584 12282
6013 12581
17528 6222 12039
12039 6222
6222 12039
7656 6660
7105 8786
6076 11348
17160 7656 6660
9766 9765
16541 2515
9542 12112
7796 7299
8792 6803
5676 6701
16483 11508
5890 7481
11348 7565
10095 4823
5858 6779
12685 11010
16246 7103 7570
9294 12978
11226 16766
6572 6803
7578 6612
15671 17740
17740 15671
6803 8792
6110 9738
6496 8821 7578
9035 7902
7902 9035
13902 16706 6164
10025 12162
11344 6164
10210 16977
13925 16293
14339 8852
16891 6475
8129 10431
6628 12893
10431 8129
7421 6164
11458 9814
8410 1983
8038 13153
6311 6834
17818 16658 17616
11564 6779
8627 9417
13395 8342
13140 5927
8599 5688
6164 17131
12904 12905
14512 9090
12752 2257
8121 13950
12162 10025
6304 4674
8169 5660
12535 9782
17003 12535
15077 6598
7544 17215
15238 8116
12624 12539
16789 7554
13264 9782
12919 6803
6267 6265
15378 6025
5865 12414
12414 5865
6409 9117
10755 10238
11882 15089
3049 5492
9117 6409
15055 8024
12112 13790 11509
10978 13887
15438 10220
7791 6062
13790 12112 11509
13023 6456
16284 14289
7631 7965
10278 7965
5800 4674
6734 7995 11320
13804 7744 8066
11367 14022
10031 2434
9579 4674
13958 12612
6003 6603 16032
6603 16032
8364 16032
16032 6603
7553 11508
14706 5867
15028 12112 13790
15076 9837
16824 14480
12837 7900
12619 14795
13470 8908
7995 11320
11509 13790 12112
8771 6710
6762 6690 11956
2515 17203
9837 15076
8070 1831
17386 7404
2622 1514
5944 1824
7456 7006
7740 7720
7270 8066
11320 7995
14814 6409 15089
7156 6409
15089 6409
1824 5944
10151 10291
2431 9145
11877 9266
6583 9864 7353
6586 701
10120 7258
11365 703
9055 11365
12929 14542
11172 13345
15804 9180
15981 8741
5750 12845
11035 9454
7637 9512
6051 10385 6718
7385 5867
8135 8786
13409 12578
13627 7183 3712
3712 5672
7183 3712 13627
5672 3712
11357 7183 3712
12738 5824
8794 7849
17571 6051 10385
14542 12929
5748 11094
6806 6205
11960 2368
7898 13721
12184 12695
7514 8392 9708
8392 9708 2085
5713 2085 8148
8148 5713 6902
7310 8148
9708 8392 2085
11534 2085 5746
6902 2085
9560 8392 10826
6810 2085 5690
2085 5690
9724 7898
10395 5652
15309 15310
15310 15309
14550 17160
12399 13266
17676 31967
12857 6165
3570 6508
11018 8804
8821 6496 7578
8347 7700 7058
8956 11644
7700 7058 8347
15043 12559
12891 12893
13569 10785 10786
14313 7404 12720
11515 800
16618 8273
14170 17697
10162 12052
2449 6511 7184
295 7058
965 12839
7058 295
17381 9332
17697 14170
7727 5681
6511 2449 7184
8237 9223
6508 3570
10167 12759
12759 10167
7184 6511
7981 6185
8242 6476
7858 10380
12052 10162
10380 7858
10786 13569 10785
10187 9657
15730 6409
16806 12073
9242 8194
12385 15385
15385 12385
6269 10483
9040 14434
6840 8940 4071
12121 11939
17631 101
11444 9332
10651 10650 5614
14682 9450
5787 9009
13864 2515
6943 12697
6204 2085
16977 10210
10817 6204
13032 844
8997 9185
12450 13003
6186 11417
15523 8997 9185
15812 13721
8351 9185
11417 6186
11913 11082 9185
17444 8818
13303 8818
15063 10033
10033 15063 8702
10844 7655
15949 8535
9512 7637
5492 6612
15762 5840
6313 8339
6205 6806
17797 8246
11963 9576
6690 11956
11702 8551
9657 5911
14491 6053
8379 6835
13316 17214
8484 8379 6835
6851 9389
16406 9451 12708
8559 800
16193 8786
7982 800
15935 10237
1937 6204
13003 12450
7108 12328
15198 15197
6904 7201
15307 8776
9071 14833
12278 14765
13741 7731
6916 6204
1117 6204
16886 6304
12306 7229
14856 17174
8342 13395
13580 477
9185 8997
14961 5260
12913 12914
6150 6184
6443 1514
4034 9136
13520 5943
6522 9411
13422 356
6075 6076 11348
5665 5664 5666
5666 5664 5665
5664 5665 5666
9652 12665
7404 14313 12720
10783 8339
6513 6514
6514 6513
7106 9185 8997
5880 6259
5674 14063
16978 17837
6965 7578
10080 12941
14325 7953
17472 7953
9350 7953
9683 10288
10288 17472
17662 17472 7953
1486 7953 17472
8978 7631
9893 6313
13286 5807
15096 3944
8290 12325
10149 6647
12325 8290
17178 9671 6612
11473 17176
10100 13416
11036 13353
8804 11018
1068 7887
17203 2515
9491 11018
10881 7656
10955 6057 9762
6057 12130
8412 14232
12130 6057
9810 10156
10156 9810
15133 6057 2451
12360 12361
2402 8278
14772 6057 13084
7135 884 7666
12362 12361
6200 246
11927 1234
6147 884
8278 2402
16471 7940
12831 15344
11556 6281
14371 4688 7102
884 7135 7666
9864 7609 7353
15526 13424 701
15487 6597
15018 12447
6185 7981
6066 9657
10534 8379
12670 13416
9593 12914
8142 10479
8781 8877
12032 13816
16130 14173
12914 9593
13056 6261
8818 11846
8986 5817
6259 5880
13982 7106 8997
16944 6313
9189 11082
11082 9189
14017 10868
7496 10300
7736 10848
10848 10847
10109 10110
10110 10109
10847 10848
5614 10650
10018 8934
7070 7069 9882
10034 13452 16849
8744 1803
12481 8934
10336 10549
10650 5614
15550 7070
17524 16066
16066 17524
7069 9882 9941
10309 7077
9882 7069 9941
9941 9882
6935 6204
14359 9332
12916 11643
10237 15935
12471 13489
13959 2515
12762 9412
13205 8892
16985 11508
12253 8786
6317 800
1671 7206
13506 9864
10385 6051 17571
9602 17051
17051 9602
8339 10731
14146 15434
15434 14146
17688 17160
12125 101
9541 17837
6486 6409
9520 6975
13605 10238
7067 2135
8095 8982
8024 2451 1927
12189 10928
16715 7026
10519 13302
8071 6204
6402 9365
14703 8356
8048 8892
9668 7578
16849 10363
14729 6204
8504 6313 10868
12884 15263
8137 13039
6758 8786
8296 9517
8733 8786
8793 15601
10729 5247
9334 13429
6319 12926
7092 7288
7288 7092
16825 13316
6796 7653
11338 16430
5992 12913
1514 6443 2622
10738 8876
12413 14002
9924 4674
12897 422
6647 10149
7050 4674
7546 5690
11762 6409
16379 11729
11536 7477
8643 7849
7326 9185 8351
10858 17057
17174 14856
11201 7081
9090 12126 11490
9928 7057
6094 7057 8367
8758 15289
8367 7057 6094
11490 12126 9090
17063 12636 6022
7057 8367 6094
6022 12636
16911 12636
11606 7081
10928 12189
10543 2451
2451 10543 34
8779 11521
11164 5858
8776 15307
9756 7415
9827 2524
11966 10585
13753 2085
16393 12905 12904
14495 9864
15639 8071
1229 15668
7723 15668
15668 7723 1229
13841 16571
10211 16198
6964 17456
9073 13345
12641 5260 2210
2257 2256
2256 2257
10963 10867 2085
5563 12828 11010
11581 10554
14039 5260 12641
10554 11581 7723
2501 7585
6505 2257 2256
13202 6220 7441
11791 6828
6220 7441 11792
6828 11791
17456 6964
7441 6220 11792
9001 15728
8965 10551
12191 10278
8355 14232
6598 6877
12944 14499
6820 8138
12321 1589
10868 6313 8504
14718 12328
7966 15594
6626 311
8474 12328
844 6204 2085
12449 6313 8504
6228 7462
14378 5944
15577 246
9494 6718
3509 9037
12714 9779 16254
9576 11963
6718 6051 10385
7942 7609 9864
6566 6850
6850 13894
13894 6850
8434 6850
10694 12579
11576 6850
9973 8735
9975 8735 8673
10711 6850
9524 5243
6854 7293
7584 6244
8673 5913 9975
5913 8673 8735
11128 5243
5243 11128
7213 11641
16993 6171
2317 2451 6057
5708 5260
10527 13782
10701 11194
11194 10701
11422 9810
7344 641
4984 7995
17148 11508
17405 9864 7353
11956 9864
1745 6000
8836 5782
8328 6479
10739 11956
10252 7595
1335 8024
15906 12935
1268 7395
8967 2451 10543
8521 8024
15910 6795
16254 12714
17197 9992 13694
15345 6078
7289 6078
8343 6078
11641 7213
7353 9864 7609
11305 7609 9864
6654 6582
14496 8892
14157 17821
6907 3203
7653 6796
8875 8876 17332
6078 6674
6674 6078
14263 7103
7570 7103 16246
5212 7343
7343 5212
9986 8124
9935 9986 10844
100 10291 10485
11227 14695
17410 11805
16888 6237
16943 15485
15485 16943
13650 8892
9575 8379 6835
12781 6612 1068
15554 14267
12190 12189
15240 13108
12207 12636
8459 32257
4045 12111
3944 15096
9589 9047
14497 7656
12645 16305
6740 8379
6025 7887 1068
9693 8041
9462 10695
9047 9589
10480 7656
12846 1068
12269 1068 7887
5866 6409
16773 5247
15766 5124
7887 1068
9782 12535
5124 10860
8357 7887 1068
1712 1711
13757 6687
11639 17160
13255 800
5652 10395
7554 16789
11488 6920
7215 9627
16590 4034
7664 10079
12708 16406 9451
6161 11508
5933 12188
12188 5933
16394 5889
10257 7130
8303 9760
13429 9334
7293 6854
6251 10828 8786
10828 6251 8786
14992 13429
6805 9781
9781 6805
10549 10336
17530 8016 8970
8970 8016
17469 9389
15260 8194
9457 9128
8207 709
7548 10434
10434 7548
10952 9128
7216 9128
8690 6483
6483 8690
10824 15096
6779 12400
12400 6779 10250
6543 477
7576 10992
8919 10992
8444 7925
6553 6806 6205
7319 14038
13348 14434
11749 10298
9430 10080
13164 7469
12369 11956 9864
15989 12292
10298 11749
14434 13348
14096 7207
6958 7974
7084 8056
9163 7810
33 9581
7059 7120
9581 33
2112 6069
6069 2112
7974 6958
10900 6729
8907 15128
6988 6989
8056 9230
10752 16354
6569 12460 6571
8453 6571 12460
16110 6571 12460
12460 6571
6571 12460
12219 15855
7026 16715
16008 16715 7026
13129 12612
11849 8069 14042
7110 9136
9980 6392
6392 7940
9841 6281
6585 7940
13866 6281
7967 6281
17805 6392
9983 5259
15825 15082
5259 9983
15958 7940
2371 8395
8395 2371
12784 8395
2358 2873
8656 10413
5843 6487
14250 9624
6487 10413
7179 9663
13124 11792 7441
9223 8237
9523 9522
8159 9827
6394 8449
6393 8449 6394
12493 7211
8188 15039
12593 15909
12342 5635
13996 10451
9738 16020
2000 9380
14783 9589
6975 9520
13293 8713
10514 1221
10530 2298
5651 10098
311 6188 6677
10098 5651
12932 8117
6188 311 6677
6307 311 6188
6677 311 6188
4837 311 6307
8892 8891
11939 10374
6193 2085
16161 11511
15604 11956
7551 8708 8939
10871 14373
8708 7551 8939
14373 10871
6479 8328
553 554
10299 12384
12384 10299
6033 8939 7488
14274 17578
8939 7488 7551
14643 10871
6118 8766
7488 8939 6033
10522 89
554 553
12111 4045
16689 10522
9496 6018
7395 0 14953
12422 13310 12967
12967 13310
6523 6324 7598
14248 6877 6598
5911 9657 12000
7290 9657
11188 11189
6877 6598
8966 11749
15082 15825
8834 7309
2009 105
10272 10180
11918 10585
9299 14148
14948 5990
7309 6204
8593 668
7231 8786
13777 11010 8448
6823 14749 12378
14749 6823 5918
12378 5635 9435
6835 8379
7905 12378
16244 17160
10777 11811
11811 10777
9435 5635 12378
5918 6823 14749
8460 9087
16658 17616
5685 8270
13153 6710
7202 7092
7522 10284
15674 5690
6774 7077
5869 909
6256 12076
11428 8970
9288 17176
8016 8970 17530
8057 12460 7031
7332 5869 909
9654 8117 89
5945 8551
13446 12044
17176 11360
6549 6504
6065 12044
7031 6571 12460
16082 11628
16469 7760
12000 10514
2298 10530
14235 8551
13900 13343
13782 10527
10964 7052
8842 8270
7748 6739 5635
5635 12378 9435
7320 7656
12239 12378 6823
10774 12727
17616 16658
6684 8786
10820 11508
422 15494
9087 6677 6188
10924 6739
8982 6814
6476 10828 8786
6814 8982
15576 9257
10904 5492 3049
13642 5699
7696 7199
2335 11041
11757 15974
11245 12875
16388 12558 16681
6173 6770 6546
13066 13065
2144 5910
16770 11791 6828
12828 11010
15136 7629
11436 89
89 6846
8551 6164
10169 7786
11842 7751
13343 13249
15531 6496
13249 13343 15622
9759 9760 8303
2198 9037
15622 13249 13343
15809 2081
15974 11757
15728 8462
7605 2515
16343 9142
8369 6891
12578 13409
9658 15909
9790 6891
11189 11188
9604 9688 9194
9902 9846 8181
12454 9688 9194
8316 11306
12402 9194
9846 13145
7081 6029
7884 12126
2289 2009
9142 16343
11246 12875
15242 6089
6582 6654
14595 8085
1956 9864
8876 8875 17332
17332 8875 8876
8337 6053
13225 8339
6029 7081
8462 8892 8891
5073 1711 6687
1711 5073 6687
13399 16776
5746 5690 2085
502 5690 5746
9598 1234
5690 2085
9624 14250
7744 8066
8066 7744
8448 12828 5563
14499 12944
12558 16388 16681
16681 12558
7271 6645
15039 8188
8187 9628
701 6586
2245 16597
6303 6018
10224 13043
14063 5674
9773 6244
7625 6013
11814 2913
7201 7585
15422 21985
14794 7595
13179 17842
2090 13179 12029
6239 7547
13504 28832
8440 9399
9399 8440
9431 13324
13324 9431 9305
6857 14312
13319 5704
6053 14312
11010 12828
17578 14274
5943 13520
13345 9073
14289 7469
14312 6053 6857
12546 2523
17131 6164
5774 5772
5772 11466
8329 10992
6834 6311
1946 11348 6076
6381 11941
12407 8206
7462 7063
9768 9299
13412 13411
12029 13179
10551 8965
9558 6302
6597 9864
17215 7544
10730 1386 55
6417 7655 10844
11521 8779
4355 11687
7961 7960
7960 7961
7199 5838
11258 16117
9255 10755
15266 7076
8940 4071
6492 7731
8717 1042
13676 8462
14148 9299
14455 6612
10184 6662
17110 15404
11378 6053
5703 10768
6060 6059
8405 16235
6291 6290
6059 6060
16235 8405
6290 6291
5895 7076
12834 7412
7645 9389
12022 6394
5704 13319
6324 7598
6159 5840
8891 8892
12175 6582
9305 13324
10513 12349
12349 10513
12836 12349 10513
7959 7731
9582 10006
9920 7585
9451 16406 12708
8948 11791
10867 10963 2085
13694 9992
9992 13694
7565 11348
7598 6324
16452 16342
14952 9864
10250 6779 12400
6821 16597
10562 11849
15822 7982
7497 6237
5927 5860
6846 89
14243 5684
13354 10970 6607
16925 14075
14075 14475
11700 5091
14460 2451
6607 10970
8576 7469
12612 13958
9707 10193
14695 11227
11805 12333
15436 25441
5715 15728
10291 100 10485
5953 7885
11257 13791
13791 11257
16117 11258
14267 15554
14698 9530 9531
9530 14698
12676 11250
34 10709
1927 8024 2451
321 8024
7004 13605
11730 7969
13489 12471
10374 11939
12073 16806
17259 15391
16474 8875
6440 22326
6462 15262
7103 16246 7570
13424 15526 701
6472 10043
16222 14002
9780 7900
17251 8006
15441 15442 8368
8924 8907
14020 14147
13199 8924
10006 9582
6622 26124
9170 8717
10397 311 6188
13020 10397 311
117 2501 7585
12665 10522
8380 9809
10220 15438
15000 6184
7469 9864
15772 8576
7885 5953
11301 9530
15442 15441
12257 9847
9847 12257
8368 15441 15442
4907 6891
5636 3203
2267 3203
15754 448
19349 18526
19697 26624
18472 3683
19345 24030
18836 19528
18526 19349
18099 15702
11559 1924
2045 23945
19198 18153
1701 4831
1924 4023
4023 1924
9344 18013
17871 1763
2753 1763
17972 19314
19688 1763
18690 1763
18962 1763
7144 1763
18243 11789
18104 1912
18456 23945
18169 23177
17896 20688
19610 2547
19445 19532 17881
18021 19497
19497 18021
18822 3683
5069 4841
19514 4023
17847 17915
18696 1763
18368 18210
14734 3923
18112 1763
3711 1763
19278 18735
18489 5069 4841
18420 975
17861 559
18153 19198
18991 1763
19258 1763
19532 17881
17881 19532 18620
18620 17881 19532
18009 18620
19799 1763
5819 1655
4841 7955 5069
4881 18460
18735 19278
18019 4881 18460
17942 17852
16775 18460
18335 540
19553 18647
17918 540
7955 4841 5069
19061 4023
18177 684
16334 684
493 2488
6977 19102
20593 22244
21982 2142
18645 23634
5966 26201 11267
17252 26201
20693 4703
16595 3817
25599 27189
26643 20818
19901 21083
796 13207
13207 796
4716 23387
21493 2951
24985 23778
21213 23778 26184
13746 25512
24951 6667
4103 1979
22740 13425
10153 11267
16028 21637
20454 4305
16771 1546 1724
21515 20829 23091
22961 19911 20952
4858 2487
17227 20507
25696 32698
24035 23274
26088 32698
24757 23965
26129 23965
19887 26926
21324 2487
25433 21324 2487
23965 26129
22404 24507
23387 4717 22775
4717 22775
26432 19767
6322 25788 19863
5139 21355
21602 17227 20507
20960 11267 5966
23481 24591
5559 20829
24330 20518
975 4441
22943 11497
23557 20147
22556 14302
24817 20518
25503 17364
4482 25370
22607 20719
25610 15638 24154
22190 19846 23565
21428 21813
12053 4241
21391 26739
20283 23696
26826 20507
22539 11267
24430 4950
20123 24581
24454 19003
26086 27084
18562 20507 17227
23126 17227 20507
8722 4305 22132
15654 4305 22132
20859 4305 22132
20830 1263
24906 20507
19911 22961 20952
20952 22961 19911
27367 4858
25370 4259 4482
20090 4950
4064 5272
3332 5042
23677 32265 3451
25117 19673
27205 27252
19846 23565 22190
20488 24118
24848 22770
20784 3817
4924 1631
22499 5113
19912 22961
22806 20507 17227
26379 4607
1721 1631
22367 23085
24472 20046
26387 4305
23832 20569
11267 26201 5966
27000 15702
22029 3790 5268
3790 5268
21477 20507 17227
4105 4305 21527
23374 12014
26041 4241
22721 21258
21995 17227 20507
21258 22721
18927 22649
27189 20046
22233 11267 20339
24923 11497
19827 5328
26922 24591
18173 14370
25332 20507
26017 18404
21715 22640
12974 22331
5268 3790
22450 21924
20086 24698
20087 24698
20868 460
24092 414
8230 2534
22782 4147
20557 20556
21609 23611
5042 3332
26472 3071
24069 24591
22237 22278
25266 19846
21505 11789
25321 19492
21679 19003 11609
27561 1434
27305 9394
24890 19846 23565
26201 11267 5966
26095 4305
20526 12974
20556 1549
4948 20854
22884 4439 24591
4404 24154
27131 5101
20084 1947
22496 22349
25179 20942
26131 2900
1478 19943
26064 234 26563
26600 20925
24030 19345
26184 23778
11746 32410
5000 4655
26202 18255
24434 796 21418
23108 6856
24846 26884
27252 27205
22171 11267
21813 21428
6856 13718
24698 5295
24258 4456 4305
24643 650
22146 1238
20048 21599
22752 19902
20181 4305 4105
16862 4305 4456
25480 20292
20714 4305 21250
24345 10401
2409 352
5101 20719
20362 21749
22606 4305
22217 4305
3451 234
20577 21013
25280 24328
23604 13433
25570 27318
21458 4305
20559 23838 20536
23838 20536 20559
20536 23838 20559
23271 23272
22384 21030
26587 23025
22522 14776 12014
21083 19901
24491 16092
16092 24491
21924 22450
23354 650
24591 22386
20474 4456 4305
20844 17101
27476 27318
24803 24581
20650 23889
24200 32516
2126 1384
7946 27079
10438 24771
23098 4064
24023 21438
24624 20782
24893 4456
21418 796
27544 24339
14370 20147
25561 21819
15758 2442
26397 23611 21609
568 500
22962 23889
22022 20513
21030 25600
282 19528
27533 4305 4105
5383 32073
13433 20488
23931 19767
23922 24596
23085 22367
1632 25467
24675 20507
24836 20385
21185 3817
22331 12974
460 3176 10405
20408 23025
16836 13425
20462 19003
4833 1198
22649 18927
25096 19492
25784 33023
1198 1384
25485 4305
23657 1979
18834 4441
26898 20693
26289 4305
21123 4305
21692 1820
20594 25703
2342 7946
24476 20519
24490 1264
19158 2892
22988 24498
11950 27462
511 210
20119 8479
24622 26718
25595 23222
228 12014
4195 352
21859 19492
16030 20679
2864 19902
24410 16076
3176 20664
5328 19827
22349 22496
25772 32412
26109 20679
23504 19666
6670 22098
22376 1263
23300 19902
1554 23882
18685 718
1238 16857
21896 20111
27046 20693
21320 1238
21611 1434
24705 3071 26472
23634 21664
14885 650
23222 10339
25580 10339
19148 25762
1398 352
22360 21030
22689 1264
19905 22706
26029 22313
24955 2604
22364 2142
17315 20719
26789 15702
21618 19902
4704 19452
26170 22217 4305
19998 3604
288 1979
15563 1503
22247 4645
27468 23561
19417 21737 4305
21665 14597
24577 20569
25195 12433
21850 11671
13344 4864
21834 3176
18813 19345
24433 1798
21333 1238
20739 16857 14558
2105 14558
12524 27084
25753 21759
20422 19901
22712 20507
22365 22770
4655 21083
14597 21665
23498 33747
18589 21218
25694 4841
3464 4305
3664 2619
20889 2487
25839 20972 21218
650 1546
4305 3464
19003 4456
25274 18055
3888 3817
26160 24591
16807 1237 1979
20846 21640
20599 4305
27417 20569 23832
27563 25467
21460 20829 24049
25360 24869 21026
21527 19003
19572 4305 4105
22352 19003
25801 19003
26169 2906
26740 22770
26511 24591
22335 14634
499 20045 13544
12566 1503
13640 352
22105 19245
22055 20518
11609 19003
22704 20114
24925 5450
13567 25653
21759 10339
23684 22617
808 5697
18652 26126
20045 499 13544
18404 26017
20817 2593
25676 21438
23673 4606
4108 1384
13536 19729 4441
26450 19917
21499 850
20092 4456
4456 4305
22706 19905
22412 18180
20589 19492
5457 23801
25133 22132
11309 21632
25733 27084
20833 19003
21025 25320
23689 11569
19988 20045 499
20388 19492
23944 20599
19102 19470
19470 19102
21921 19767
14116 729
21661 25765
21443 26201
20969 19988 13544
21677 18589
27052 24118
19709 14558
22717 26111
18504 24490
24225 20046
17813 729
20347 4645
24550 23385
6445 1384
21737 4305
5574 1113 1263
21189 19492
19583 19901
20503 20592
14908 305
26126 18652
10370 19767
23089 729
24227 4456
16451 5623
20972 21218 18589
12689 20770
1596 19492
27585 18572
22893 26640
3058 21819
22359 22770
3345 4105 4305
19413 23025
26867 20800
22732 28217
22002 23543
22670 18589
19856 25019
25549 12014
19948 1830
21440 2399
22798 871
21230 1264
25025 22952
21000 1238 16857
21218 18589
20871 19935
10405 22052
22052 10405
27331 26391
21730 499
26012 1990
15532 22775
23696 20283
20197 25341
23782 4305
17070 22016
22016 17070
22733 21278
23357 20012
20828 14466
21516 20114
21146 25945
21754 21632
19897 5623
5450 17627
16905 729
21900 4841 25694
4113 20012
10861 2664
21584 17101
18988 19988 13544
21139 558
22229 2291
11662 1264
21844 20389
26650 25791
7606 14558
12433 4241
21652 20425
14634 20045 13544
4469 20045
16804 20045
2534 8230
5190 20114 5470
27237 18714
22764 1238
26137 1503
22552 2291
21439 21449
1561 29065
24878 352
21881 16076
27036 4456
25055 4388
23945 19404
21835 22412
20920 4606
13544 20045 499
20818 26643
25602 20699
5470 20114
20285 22016
23110 20854
21997 3996
7087 3030
23059 19901
12343 14302
22952 25025
8813 1264
25567 22499
12014 14776 1979
21591 20846
20517 20846
22302 16383
23244 11569
26256 22640
1472 729
386 319
21028 1724
21668 22885
19666 15702
25165 20693
21757 3600
5367 10405
2362 1724
20217 20620
23993 26547
20843 23977
23534 19492
23921 4241
26974 19767
20620 20217
18088 21879
177 1074 1384
21672 19528
17009 1237
4028 2291
25353 17234
23422 15515
20468 996 32692
679 6445
21644 22854
23314 4606
22958 21108
21824 23218
24968 23218
11861 4116
23470 21819
1035 1020
24424 27110
5175 26495
12744 650
23156 1020 21365
16408 20385 21134
19959 5450
27338 13640
20782 24624
21839 24614
24128 23778 26184
21971 16732
26884 24846
620 2133
20210 14558
21640 20846
1454 18608
635 4776
24287 4305
20345 1180
26079 4950
4979 22485
21001 21395
23563 23564
26391 27331
15515 23422
21449 21439
25290 20206
8479 20119
24176 1503
25744 7475
19281 1238
21040 19358
22326 23240
21630 23543 22002
22818 20854
22675 20507
20049 14558
23364 9372
21910 27558
27558 21910
21409 21078
21078 21409
22254 19151
25477 22795
22795 9372
24564 4330
26713 2120
27119 4848
27023 4064 4950
20164 16390
21253 4305
22431 4456 19003
11166 22993
21395 21001
21713 27260
4992 210
718 2205
25722 23564
21575 15749
4703 20693
678 1384
21134 20385
26721 23089
24935 8532 19943
19917 26450
15749 14558
7820 20241 23522
20241 23522
23522 20241
1366 16750
20480 19003 4456
21758 4305
16577 1264
25145 7606
19404 23945
21647 3857
22107 24542
26757 4611
23395 3348
21915 11452
20955 21757
23412 11671
20198 769
22426 352
11803 18728
26388 4305 22132
21250 4305
20602 23776
20805 4305
17394 17101
20516 11209
111 1384
19637 27216
26423 2399
25505 21759
5554 5359 27358
20426 22749 1264
20929 24495
27006 26111
27216 19637
23134 21725
26392 1264
21978 25600
21470 9838
22062 20826
1540 1113
16234 352
27344 9838
13608 3817
23814 4950
26808 20046
23514 13425 1264
26718 1264
27531 4456
24884 4084
1443 210
6278 21001 21395
1800 4241
20001 22993
18550 14255
22178 23596
26545 4950
5459 4305
5392 21000
3339 21792
5458 19056
20227 729
16732 14558
2129 1263
20629 16390
21742 28
21503 4305 4456
19928 1263
11079 1113
20288 1113 1263
20289 20206
22259 20012
21059 20123 24581
25653 13567
2214 19709
854 16857 14558
27294 4456 4305
3996 3036
27181 1698
20592 20503
7682 3857
27358 5359
20584 4330
27272 871
19660 1384
25600 21030
3491 3703
16750 1113
24606 23946
14183 4691
5227 20045 499
20765 20045
13162 5450
20569 23832
17810 4655
3637 32571
5186 11322
19767 11569
22145 23611
20630 25553
17912 2906
21461 19988
25577 21819
24721 4064 5271
11612 1264
27260 21713
21637 16028
1177 1178
21349 21348
5352 11949
25246 21069
21090 11497
20302 21108
21963 21013
20253 26136
1156 3036
21407 12433
22681 22640
10339 23222
2205 718
21357 1264
22473 21885
27507 20046
1296 2487
22057 1503
14974 19767
18548 20045
5332 22640
25326 24311
14390 24581
26691 2291
20966 21822
21008 19951
20686 21819
234 3451
24184 6440
22562 1238
5359 27358
27017 19666
27208 2291
20918 3857
22749 26030
23778 26184
26117 19767 11569
22040 17928
22113 1180
23061 22476
8334 20844
15428 718
10379 2291
740 2291
21070 3432
27492 3176
24203 20046
21902 5101
24729 23347
21242 25935
25250 4305 25857
25857 19003 4456
19664 305
13638 12878
1231 3360
15200 21797
26365 14327
17627 5450
3033 5450
18624 627
23633 1434
24956 22497
23385 24550
21935 1366
25935 21242
26505 4841
21209 808
20664 3176
15287 26569
16612 18728
9818 3524
11209 352
20525 5450
19586 286
19978 16076
7352 352
4691 14183
19492 2487
19243 1263
19790 23218
18101 4441
19729 13536 4441
20035 16786
2711 32208
380 3600
11120 352
20740 3432
22132 8722 15654
23595 4305 4456
26218 2142
21847 22497 24956
23492 20539
21276 1989
21688 20338
4566 4330
22339 20235
21286 21458 4305
23824 2120
5996 14064
26734 1264
21206 1053
22538 499
4122 305
18702 1726
25142 23159
8467 729
24495 20929
10353 27604
27606 28442
19262 2608
27592 27604
27597 27604
2608 19262
29984 25972
20208 4826
29409 30931
23892 901
28234 28887
16533 7842
27550 20281
20281 28143
29058 28143
8107 21621
3530 939
1378 9440 69
27780 30951
16085 19570 27868
28096 4305
6941 3296
20506 16397
5612 1879
29576 30012
14697 19842
19842 14697
22100 12865
1390 2411
4320 14769
28458 2160
30174 27265
26924 812
28083 28400
28078 28079
14732 617
12429 6702
23031 25954
13168 1844
14741 14628
12030 16557
5435 617
25815 29809
2071 10633
12011 8995 25469
25469 8995 12011
8995 12011 25469
29738 15083
29039 15341
30306 2285
25248 22494
30069 27936
2577 4375
2062 500
28766 29677
28187 6702
2902 1096 1289
3553 17101
8870 16558
548 23655
29677 28766
9982 2173
2173 9982
24148 1508
28267 29652 9157
1297 23335
27238 5637
16419 18092
1939 901
28730 29516
4835 5612
30032 29887
4491 32990 33435
28853 3296
7471 1343
19540 4305
28510 28511
28511 28510
30466 4930
20263 6812
9698 1096
27326 27853
14993 27853
29843 28019
14085 24414
1973 14318
27683 3417
10511 14482
26585 27836
26961 1096
28175 4609
4862 4861
22554 23522
9278 1943
17534 1289 48
8090 26399
13983 5299
27865 29247
2237 21506
17960 29994
29994 17960
28996 1508
28213 1508
28176 5637
24414 14085
1343 7471
19255 4292
23394 3296
11957 1648
27723 8925
25734 4826
28887 26638
30150 27133
28183 26654
27868 19570
30318 30162
12268 20380 29718
29302 6678
25556 22411
28626 1260
1201 3610
29161 13158
13158 29161
12428 6702 28128
18796 15493
2411 9591
28728 69
14916 11618
11618 14916
27766 28148
19268 4305
621 1766 18588
622 621
18588 1766
1766 18588
28478 34672
1508 24148
20380 12268 29718
968 15453
26008 4079
5532 901
10375 1943
24342 27724
27781 9278
16558 8870
15301 2459
13186 25534
14690 389 732
5274 69
2694 28231
5447 30123
27835 24392
6294 29233
15678 19753
27921 4826
24671 27744
29263 2285
9539 1378
2567 572
26665 28853
27832 19389
28934 14427
29490 30064
30711 6835
23936 7250
1349 778
2079 6678
30123 5447
27635 1840
30214 9700
21113 548
19183 1130
28837 22503
29529 28832
28293 28442
15800 27920
18105 1042
23655 548
28805 1943
17605 34521
17606 34521
2502 27991
27837 28138
25535 28853 3296
21143 1647
30459 2272
27764 30552
3885 2285
25061 27744 24671
2151 29043
29516 28730
15057 14160
14160 15057
13391 17858
29647 362
25314 9829
2230 1584
781 861
4356 316
10510 28883
1289 48
22411 25556
28024 29213
27960 19764
28247 194
27756 28294
28221 4826
25135 7842
20266 14449
28107 30875
30446 24986
27879 9700 27853
4861 4862
28051 548
21531 345
1648 48
17858 8995 13391
29632 27777
26087 26527
23872 10133
27917 15341
6495 14754
19094 19368
27936 9564
19872 9591
1944 9591 2411
15476 9676
10657 11988
30154 18737
9965 732
6702 1844
27812 34521
4518 27744
14482 10511
12458 28522
9387 798
28325 28324
707 4369
30655 9770
26611 939
26464 11179
16001 968
29467 1422
9031 28011
17607 27407
28062 6699
29482 24414
11179 26464
28228 23403
20165 28923
25534 13186
28038 9770
13113 24099
28217 22732
9829 25314
26527 26087
27042 1289
2798 18737
29536 21045
27804 1164
1212 1648
11825 1648 48
29858 29233
12131 28240
19269 26430
23878 16490
1422 29467
14725 6702
30334 18730
957 28399
28148 27766
29396 13186
30450 2626
30651 28643
4369 707
26430 1096
23413 30690
25173 27842
23829 1508
29928 9310
24099 13113
3573 656
22172 28042
15066 19764
12284 16308
27534 13529
28828 34521
9591 2411
26018 24132
19386 1584
18092 1943
9509 30592
2492 26037
29089 4369
29652 9157 28267
22889 21621
1116 2577 4375
29266 13529
11554 21621
544 21186
25882 5495
14367 8995
28750 798
29821 8863
28074 10899
23460 29303
28123 7474
27715 316
28194 939
29032 8995
29867 1943
28793 24940
4709 28191
28191 4709
30352 8342
27842 28923
9440 69
25000 1096
1897 19207
30030 939
28150 28703
8838 28879
28608 18586
28128 6702
28631 14269
29019 1625
24940 4445
29836 711
6632 27879 9700
14722 27976
27976 14722
11091 28524
29604 14368
4391 4305 17502
29432 28676
26468 2472
26965 8995
28042 21621
28610 1322
29121 7587 28402
22861 15899
28503 22861
29823 1962
28435 29024
29438 400
2775 27806
28603 28676
28164 1096
25415 19126
12216 4413
400 1943
29068 13400
27826 9591 1470
27697 12865
28829 28294
30151 28879
1972 400
28154 901
4164 2285
270 458
19399 2272
30616 1943
26515 24787
21866 400
9700 27879
4375 2577
28402 7587
7587 28402
3567 30615
28714 11946
28445 28518
1844 6702
30240 19581
24533 28162
2908 28524
27089 27895
1470 27826 9591
25525 18421
18421 25525
10605 4276
27981 1508
28330 27703
30578 2243 26300
24873 9770
5201 778
4276 10605
19207 1897
28418 12697
28407 14615
22659 27265
14615 28407
14064 5996
22177 27683
24579 30135
30272 14154
9564 27936
28068 7658
30300 29123
2251 3420
28473 14449
5468 18586
18586 5468
30107 1943
30194 28278
30455 1943
23630 22395
1827 27705
27265 22659
4174 28294
30690 33082
29330 1844
28029 15858
30140 1943
29593 14543
29895 4292
1026 14318
29819 1026
28850 29043
23629 22395
10776 1331
23837 26430
27757 27758
27758 27757
28911 19126
1125 9770
27552 21812 25525
21513 29939
27752 9591
28399 957
1533 15141
30568 316
27744 24671 25061
23215 24112
2459 27744
26738 24940
29277 21822
28486 6249
2200 28734
9676 15476
23962 29939
6249 28486
30951 2272
24897 1415
30843 30841
30842 30841 30843
4419 3249
2715 2203
5117 2715
23316 542
29955 16532
16945 542
27701 4939
5370 2632
25080 30785
5515 30893
30992 196
31010 5394
31034 5321
30781 27341
8522 11251 17620
23423 30884
30989 30965
23404 23403
30884 23423
27341 30781
31101 4903
1355 15546
25359 4192
25637 32542
4908 3579
30758 27701
3987 4192
25559 23015
31068 30931
30808 2976
3241 3602
27938 2771
25154 2203
30979 30875
31000 30235
30886 5142
30973 3869
29083 10883
17172 4939
30921 14594
28551 14449
23597 16532
27163 2390
2390 27163
4475 19506
19506 4475
30819 542
20987 26670
4751 3358
27624 4751 3358
30888 1882 2389
1882 2389
2389 1882
20055 1882 2389
24005 14684
31015 1882 2389
22531 10839
31023 24514
20235 19492
1925 542
9353 21785
2636 21785 25312
30289 1285
21785 9353 25312
25312 21785 1285
1285 21785 25312
25833 1882 4640
31072 1882 2389
23278 13528
30898 2389
5594 3869
25592 3579
30965 30989
3042 1882 2389
1994 1882 2389
26765 1882 2389
23217 25905
30963 9353
30803 28832
4299 22406
18487 25436
25436 18487
10883 29083
31157 26751
11596 31499
31159 31482
28482 31744
31482 31159
24233 31103 25519
12220 31624
31489 1330
23592 23593
31699 31818
31965 18887
31103 24233 25519
31491 31335
26455 24555
31765 31114
18295 31211
31360 11856
15670 6395
10423 17014
31735 4888 31264
31179 31178
31873 31884
17141 7308
30795 17904
17904 30795
31499 11596
31884 31873
31587 24555
25155 23768
31651 12842
31178 31179
31264 31735 4888
26926 19887
10092 26129
27959 3451
24706 26045
23895 19943
32427 24328 32478
25973 19943
25054 19943
21181 19943
1458 1631 1546
18667 19943
20893 15129
5262 16918 2376
32428 32323
32449 996
10628 3451
2453 2489
32317 32313
32719 32261 21696
11947 6613
32435 26926
27378 25670
25659 32204 32510
32084 32265
32709 32053
32412 1724
32037 15033 996
8532 13947
32095 32043
12109 32043
17278 25444
32144 996
32592 25419
13224 22402
1319 19943
32081 3451
23547 26640
23957 32131
32696 22988
15129 13947
13349 15129
26951 32073 32149
32057 16269
32114 18764
32677 32622
18764 32114
32708 996
32365 32424
32197 25444
32211 17278
32424 996
16756 32424
32456 15129
32769 32004
18261 20253
25989 22192 5512
32073 1546
32107 5512
32771 26115
32440 32253 32514
32077 32514
12963 12962
27520 15132
26477 32253
32253 32514
32733 32514 25701
32619 32253
32514 32253
21543 29390 996
32529 12300
32306 15129
25063 1724
32400 15129 13947
23195 32078
32334 3451
32277 32068
18714 197
30684 996 32684
12049 32094
20645 19943
32683 32043
25773 32094
17448 15129
32411 21831 18714
7119 32496
25300 32312
14942 32043 996
7691 7692
16300 17478
3622 1631
15033 12300 996
32409 32684
32319 25444
32669 25444
26115 22218 32771
32777 19943
15132 2376
16564 22739
25271 996
19622 32773
30383 32184
32454 996
32062 2376
32481 1960
24339 21004
17449 15129
26844 10112
13511 32404
32045 32388
25884 32388
26352 3451
26339 13722
24828 996
32754 996
26655 8532
32308 3451
12852 3451 234
32763 3451 12852
24316 15129
22407 19943
32613 23999
27473 10702
32021 996
26311 21004 24339
32140 3451
23670 1631
32269 19943
32203 32404
13722 26339
25829 996 32692
32051 32094
32313 32514
4284 15132 2376
25932 25444
24507 2487
32061 26064
10702 27473
22603 2487
32360 32388
12305 15396 996
14773 32412 1724
32722 20854
30222 32073 32149
27028 18714 21831
7692 7691
1479 11585
32233 32043
23417 32114
32488 32043
30341 32067
21214 9394
29866 23283
3480 16305
32780 26064
32351 3451
32577 18714 21831
32133 27234 26563
32170 3451 32265
32029 32144
18676 5512
24979 10885
21831 1631 21830
32750 21068
32540 2376
32369 32043
32636 32043
32366 21831
32041 2376 1930
32038 27234
26857 32752
32717 19492
19117 15129
32131 23957
16495 2489
32671 3451
21696 3451
27444 21004
23365 21004
32593 16305
24459 1724 19943
24303 24621
32165 2376
17124 21564
32117 32257 13947
32111 1546
32496 7119
21068 32073
32090 996 12300
32175 32665
32665 32175
18815 23020
32124 15129
32585 32150 32107
32556 32194 32116
32079 32611
32350 15132
32530 32184
12300 996
7280 7692 32484
25701 32514 32733
32362 996
15228 3451
32016 16564
30544 32107 5512
25448 16305
32601 32791
26563 3451
19620 26064
14624 32038
32246 19492
25791 26650
20175 20084 1947
32214 25973
27234 32038 26563
32632 32107 32514
32720 15129
5728 32043
32740 996
24235 26187
32725 24621 24303
12487 21004 24339
32217 32372
11748 2487
32410 11746
32092 11947 6613
25202 13947
24745 20206
32261 32094
32474 32094
27582 19943
32707 3451
32222 32514 25701
32622 32677
25210 1264
15854 650 1546
32149 32073
32093 32265
1930 11491 2376
20265 15033 996
32793 7119
22162 2487
27315 11030
32599 21831 19943
32181 32692
24178 996 32692
32484 7280 7692
32278 32313 5656
32054 1860
15204 996
23651 2485
2372 996
15396 996
32584 26640
32354 18714
32653 32779
32495 2376 15132
32154 1724
27539 22402
32461 996
32457 26045
29751 996
651 650 1546
32245 24200
27003 32684 996
32080 26857
32437 2376
32564 1802
11030 996
32655 18714
16131 286
27348 3451
13848 12300
11414 32043 996
32158 32073
32357 32057
32439 2487
32371 32663
26905 27871
32252 32357
32234 3451
26834 22533
8214 996
14686 32043 996
28515 996
9235 996
1724 1546
17840 996
26619 996
27217 3451
32695 19943
25751 16485
32043 996
32329 996
32650 23274
22225 3451 32265
32377 18676
30296 25444
26462 1724 1546
25309 32011
32106 305
21361 1724
24408 3451 32265
19836 23195
17495 1860
32692 996 25829
1546 1724
17555 32094
32422 21831
32185 13947
1631 21830
2100 6856
32374 25444 17278
32465 996
21224 23020
32116 32556 32194
24492 21830
32361 24581 20123
32656 32435
30786 21831 19943
32571 26064
32295 15396
32267 15396 15129
32667 32145
32587 32623
32070 32094
32666 25444
1798 19943
32392 32684 996
24600 32684
14120 3451 32265
5512 22192
26015 15132
32046 996
16127 32094
32712 19943
20394 3451
32739 32516
19510 2428
9084 1546 1631
25843 2428
25844 2428
22914 3797
32328 19943
32779 32653
26991 21831 19943
1577 996
22192 5512
14227 1546 650
32145 996
25341 6856
1617 3147 10885
29504 3451
24288 1724
20855 19943
32611 17403
32455 32265 3451
32349 2487
32581 32723
32596 32227
32426 32581 32723
32723 32581
21741 22192
27132 3451
16717 19738
32115 19492
32684 996
32565 1802
26136 20253
27232 1798
32579 15129
32157 32094
12753 2428
32407 996
26024 19738
26374 21068
1960 32481
4267 19943
32257 32194 13947
32538 26045
15553 32514
32058 32073
16918 5262
3666 32043 996
32742 996
20595 24492
4173 1724
10885 996
32178 2428
32293 3451 32265
32171 21831
32490 32503
21830 1631 1546
15324 27140
749 391
26806 19151
21004 24339
29972 26136
25632 1724
26858 996 32692
11491 1930 2376
32206 32779
13090 1724 1546
13718 6856
24204 11635
32063 3451 32265
30250 32154 1724
25936 1724
32275 32265
32652 2376
32600 3451
391 749
32304 25301
32732 23703
32621 12575
32138 32265
32713 996
23055 21831 19943
30706 22739
27426 13947
32194 32257 13947
2228 996
25017 15396 15129
29719 996
25251 19003 4456
32142 7119
26045 19806 1479
32682 18714
26969 3451 32265
25489 32684
26852 32198
22241 19943
32784 26926
23846 1631
32605 21521
32177 996
32673 19943
32715 32208
32430 32208
24805 32208
32432 32094
23591 32094
15708 1721
24333 20574
32548 996
27418 27234
15908 964
2647 2263
24378 2263
27573 2081
33031 33013
24870 18390
33029 33358
14131 18730
731 1415
32944 3378
20134 2461
18731 32803
2146 55 90
1995 23704
5827 2461
32840 27161
33026 27161
33422 163
32863 630
25758 55
32864 32863
24536 5437
33436 30509
32853 30509
2461 24397
32979 20134
28910 1551
33013 14481
25957 2457
30054 2461
29078 32955
29599 24048
28898 27161
567 1415
33004 23980
33354 2359 55
25707 1159
15413 1115
25215 23704
32932 33383
33445 27161
33237 29620
24048 29599
33177 32990
2122 2359 55
17 1557
1029 55
1557 17 1350
33345 6825
29383 12568
18937 23704
29368 33336
27642 2500
33073 33449 719
1716 16273 5250
30128 3116
32987 32936 4334
2578 3559
26624 19697
5250 16273
855 1415
32836 719
32973 21400
33208 55
2586 55
4063 16273
33347 1551
33092 11087
23041 1415
33318 22053
22479 1415
961 719
32816 12865
5334 719
24484 32889
32889 24484
20098 33495
33268 33185
33007 32936
32936 4334
2147 55
19672 501 1415
18 1557
2359 55
13340 19863 4850
33060 27161
33235 1551
2109 4423
19863 13340
32934 11530
8607 23980
2653 55
33358 33029
33058 19612
16273 5250
33203 13558
33182 27161
13828 1551 342
1928 246
14549 5283
32472 27161
30929 23220 10838
33125 21740
2618 1943
17442 32813
26592 32813
32813 17442
32957 33029
1501 1077
29206 855 10633
29164 11664
32981 19612
23379 20873
30116 1415
1254 1819
33427 1415
33352 1551
14295 1460
24255 1415
24397 2461
1466 2305
33226 3601
26793 32933
26733 1551
33216 55
33045 1415
14628 14741
501 204 74
4423 2109
21781 16955
21254 18834
33251 1975
26594 21781
27352 1551
23220 10838 30929
16955 21781
32945 19612
21412 18834
1415 855
1799 86
26548 20873
13713 2454
33059 32927
32927 33059
33478 26204
1986 744
10838 23220 30929
28807 18834
32974 33068
32825 33207
2627 24037
33094 1415
33410 33178
32960 2065
4660 27161
29543 14334 26775
16863 18834
15866 921
17225 1819
21400 1363
33270 32955
24094 855
1199 1415
2454 13713 572
26185 22363
32959 23980
10865 1750
29097 1415
33212 1415
921 15866
22414 855
22301 32962
32962 22301
33039 17101
5088 32880
33384 885
33136 23946
23776 20602
32998 33082
33022 32990
32880 5088
32954 21740
33219 871 34788
29284 1819
588 1702
13476 3559
33281 23946
19031 962
349 4850
29691 719
18657 5283
27488 23946
4850 19863 13340
2227 21982
12660 3904 33672
4499 8963 24047
14067 13166
1836 34337
16517 26503
1552 9265
24047 8963
16279 34987
8963 24047
28806 2175
33647 34276
33779 16468
18575 2175
33656 23712
3654 3616
4973 2343
5220 3390
3615 3654
3616 3654
2031 4723
33776 2357 1830
2067 24047
1553 2735
16575 10049
33751 20522
34109 20522
33802 34079
34383 33802
28938 34079 20522
4942 34079 20522
34079 20522 28938
26788 34079 20522
34277 20522
33514 2797
1681 1354
15037 34025
34654 24645
33966 34269
3827 3685
6611 3415
23197 14222
34408 12372
34117 13780
34093 4242
14276 14277
22635 30013
8727 21287 20381
4946 34079 20522
20522 34079 28938
25446 19367
25548 34117
33872 1213
34458 26207
33613 8863
33672 12660
10509 33482
34023 32517
33951 2797
7527 26244
26925 3972
33628 17947
33706 2175
13063 5751
24546 11326
12017 1599
33638 3415
33731 8727
24270 30461
34468 24118
34303 9220
33533 33534
23850 14222
33701 34517
33913 18408
33720 10263
33694 34064
34262 4847
9776 17427
26503 26504 34588
389 14690 732
732 14690 389
33534 33533
5422 2738
16580 3391 2311
23444 19820
34282 26407
12807 2357
23259 24986
22039 24380
34102 18064
29401 28032
16321 22038
34064 33694
10013 372
7526 5573
26307 624
7927 16576
22303 8731
33581 34031
30422 3890
27824 10226
33663 34521
23507 5220
34616 4161
34269 33966
19587 34521
26652 5220
4304 5220
4940 34199
18408 33913
4072 2592
20696 33908
33855 3613
22848 26902
3775 4718 18872
4718 19310
19310 19309 18872
27064 945
30089 64
26630 1649
27214 23997
1017 5751
4384 12065
17488 34337
21556 33608
1351 7941
22707 3890
34086 22635
24640 3391
1649 26630
25714 23291
33747 23498
24664 3361
30802 30801
29137 5220
33961 23263
27201 4163
8166 30346
18725 34134
2592 4072
3685 5220
15945 1553
20801 24285 5220
25366 5220
26902 22848
3390 5220
624 5220
3970 34481
21332 21842
10839 22531
34481 3970
4163 27201
33908 20696
31602 3890
29875 5751
14598 14222
33580 3361
34069 945
25136 6169
21916 34117 945
11002 2734
24532 2915
23642 981
30124 13780
4161 34616
34483 3539
20809 9260
25568 15005 18638
26716 5220
24286 5220
24285 20801 5220
34534 25042
30981 34521
34144 883
30276 26407
19247 20597
34618 3890
25719 34498
426 4939
25877 23263
23263 13863
11522 2735
11652 21287 8727
25514 18149
27083 34117
4772 14690 732
4540 23494
8731 22303
23494 4540
25465 26630
11891 5220 4534
22038 16321
1305 1553
4723 2031
21424 1553
34588 26503 26504
19820 23444
6946 3949
29918 5751
33552 25559 23015
6169 13863
28409 5220
4420 8863
34163 17488 34337
1610 5751
23015 25559
22379 18872
33944 2738
33903 4082
7442 5751
20971 33963 34565
34478 28975
11527 8037
13778 681
34498 25719
4134 7243
9265 1552
21809 1553
27749 5101
24788 13166
28032 29401
34632 3769
33489 3368
34178 945
3002 1305
19381 33769
6127 33828
34016 4847
4847 34262
34060 34521
10919 5751
34049 34117 27083
33569 21782
33712 23766
14204 12296
24015 5220
979 2037
27513 34082
33837 34010
27236 1468
13780 945 34117
945 13780 34199
4452 2738
28457 28459
13577 25719 34498
25500 33621
21287 8727
20662 33539
26042 22262
26705 981
24514 31023
26504 26503
491 737
13097 5220
33931 34521
19309 19310
34092 3890
22685 21782
22577 2357
33442 8727
2735 1553
11985 5751
34474 4242
5584 5475
16183 5751
33730 13780
33119 34521
34028 34521
27419 5220
10226 15465 26326
34329 26503
33924 5475
4952 30257
22509 14054
31065 1305
20381 8727 21287
17619 1492
4392 5356
25227 4351
4351 25227
33843 34449
27506 2306
34484 3890
12236 8037
34449 33843
34199 945 13780
7860 3575
4812 372
29293 20522 34079
19367 1305
33828 6127
28377 3575
34538 14598
2282 2950
33746 2950
2311 3391 16580
3391 2311 16580
11649 1492
29794 23015
28429 945
33598 24976
33673 34521
34565 33963
1205 33546 12547
34337 17488
2529 5751
15483 1130
1512 579
34056 3890
33546 1205 12547
8553 35113
35113 8553 2153
12358 609
4042 483
34753 24645
25775 858
34926 4525
22748 22936
34464 14151
33477 4525
7102 4688
21058 8917 8193
427 34739
24629 22748 35128
11690 858
3897 1492
1812 1803
19837 6995
2006 135
29805 22478
21436 34286
29190 11150
29542 5276
609 12358
1375 864
22478 18290 1578
29307 34313
34813 13408
29651 3897
29265 4525
34919 4359
3578 4779 3525
10962 25315
25315 10962
19828 33495
4688 7102
34666 2445
34789 10134
4527 26819
964 15908
29998 4688 7102
34987 16279
12822 1117
34840 25521
5424 34313
18755 12300 996
8953 6533
28717 871
6995 19837
42 135
32376 8138
35058 35110
34699 17494
17494 34698
34709 17620
1077 1501
21777 28114
27464 24132
18692 7102 4688
34921 24132 29557
28114 21777
30170 12161
17116 16560
1468 8953
10986 13334
30709 2075
34950 7410
35093 28557
2556 34672 34715
11362 2556 34672
34715 2556 34672
18032 3610
34690 609 997
35001 16468
4671 13051
13051 4671 26840
18290 22478 1578
15856 1361
1361 11482
15067 10048
34248 4374
24159 2436
34846 16163
35230 34583
34802 25087
18545 859
24387 30710
1178 1177
22739 16564
34935 6016
14684 24005
10855 997
35078 34679
35050 14075
11150 35054
28557 35093
34763 28315
2445 30144
25711 4525
30091 10633
34486 14850
34675 24132
25964 5910
2096 13557
34739 427
34791 1589
5242 1803 8744
29650 14151
34313 8744
34991 6533
35081 4755 13980
32686 14684
32485 34941
4510 2921
34378 23418
35007 32686
28764 34698
23418 34378
14052 5242 1803
35229 7102 4688
35006 30144
12928 17398
3525 4779 3578
10420 13280
35131 12372
34872 34965
11482 1361
35054 11150
27458 9933
34672 2556 34715
16601 2564
21620 10985
17831 8953
34815 4374 34699
12339 3856 3006
1638 25217 3856
887 167
2065 6439
34697 4374
35151 3461
34788 871
27228 34920
12012 34955 25711
26519 1395
14188 1638 25217
15966 6533
4779 3578
30563 3525 3578
13334 2075 30709
16440 4374
35218 4779
29557 24132
11168 1654
13557 2096
13980 4755
27586 4688 7102
2117 2601
30710 14934
24752 29990
34817 4494
17984 461
21196 22936
6103 997
1463 1395
4376 30391
34904 25993
1103 2421
24750 21620
14090 21287
10985 21620
17207 4374
16441 4374
34907 35099
802 2077
34820 6963
4307 14318
12937 34987
25217 3856
9900 35058
6016 14850
6439 2065
34698 34248 4374
34679 35078
14850 6016
29125 2065
15457 25711
34955 25711
30436 7474
13966 2153 8553
35187 609
2521 2436
34968 7313
34800 24645
35040 28557
1218 25876
34580 18964
18964 22642 317
21566 18964 317
22642 317
1803 8744
27174 997
9933 2436
34727 14075
5416 29855
29855 5416
26001 13334
1677 2085
21768 1359
22206 9933
17398 12928
34885 34941
16053 16052
2421 1103
12072 1677
3006 12339
19311 11168
34761 4510
27054 1677
5625 2365
11208 461
35028 30144
1502 34781
34748 483
