3576 4293
2704 2862
3159 2915
2894 2837 3126
3204 2761
3914 3657 4548
4681 4701 3057
2762 2755 4012
3428 2083
3673 2672
2767 3081 3389
3185 3285
3258 3193
3517 3621
3835 2457
3993 3533
2804 2916 3275
5064 4582 4381
3043 2690
2883 3081
2774 4901 2916
3522 3714 4987 3297
4099 3222
4900 3492
3302 4830
3145 2777
3657 3914
5183 3605 3226
4719 2916 3275 3820
3602 2838
2941 3371
3458 3465 2863
3226 3605 4546 4608 3076
3448 2887 2494
4185 25154
4987 3714
3598 2780 3101
3596 4935
3046 3820 2916 3275
2691 3222 4987 2690 3781
5132 5520
3184 3344
4442 4626 4158
3084 4434
4176 2918 2759
2847 26574
2801 2945 2695
2882 2973 5576
4162 2690
5360 2690 3209
2802 1843
4570 2759
4418 3929 18472
15672 18089
18211 17969 3474
5528 4075
18617 18620
18098 1798
9379 18563
17921 12981
14734 17915
17957 19633
18210 18368
19338 18522 18038
14886 1924 3929
17953 18335
11892 2488
17876 2488
18177 684 16334
18168 4800
4339 17226
20145 14607
22877 26795 2247
17378 19699 23481
18645 11267 5966 10153 20960
21664 17252
5966 11267 10153
17252 11267 5966 4954 10153
20152 20123 4550
16595 3817
22138 16595
22436 21466
21493 27331
13746 5966 10153 20960
4480 8102 23598
25916 21805
24951 13886
20946 22400 20667 1979
10153 11267 5966 1721
24736 4147
20299 22841 24722
1152 1979
22961 19911
5609 2247 21074
21378 22224
13705 20290 286
22960 1478
19887 2487
21324 25433
25433 21324 19492
23965 23274
20273 4858
4717 20679
24212 2247
21104 20510
20607 4703 24140
24473 1263 11079
21602 26826
24234 1449 22543
20960 11267 10153 5966 17252
23481 19699 499
22972 3817 21805
21798 26643 21805
2213 1074
5426 2619
8102 20609
26877 8102 20609
19472 21250
20456 21355
22234 2247 21074
3788 460 20868
20076 18562 22963 24906
22820 2088
21805 3817
22710 2373
12053 2892
24857 8102
4002 1384
4446 2126
26826 21602
1121 8913 22239
22841 20299 24722
22539 23838 11267 27285
3808 16234 2892
1920 21013 3424
21355 20456
18562 20076
8722 15654 4106
15654 8722 4106
20859 8722 15654 4106
23896 21025
24906 22712
24697 5268 5102 635
19911 22961
16209 2604 5509
1947 21841
19524 1121 8913 22239
26454 1263 11079
25117 26640
19673 23108
3562 26719
26135 1724 18714
24447 21324
25455 20993
20088 20539
20339 4606 27084
2533 19472
12597 2604
20488 13433
24848 21954
4924 1721 21028
20292 26757
22806 24675 19747
22386 24591
1721 4924 21028
22368 20507 13886
11267 5966 10153 17252
23555 19759
20915 1458
20750 22331 26719
25449 20537 21428
10293 5511
21034 24898
3296 22880 6941 23394
16611 1545
4106 8722 15654 20089
23018 10405
21841 1947
17866 16595
26853 23682
22467 21835
21712 19214 21805
23659 3504 11689 24374
21210 23374
19985 22654 8102
2940 8722 4106 15654 20089
5102 635 5268
24432 1458 24803
23706 414
19827 22752 25979
25571 20421
22330 4566
25605 20569 22237 23026
2076 22544
20111 20957
5268 635 5102
25347 21309
27285 11267 23838 22539
26000 27084 20960 10153 11267
20868 460
24092 414 16092
4147 19759
895 13524
26565 718
20874 21598 26414
24793 228
6292 20962 3723
25321 2487 11748
20751 22331 20526
21679 20833 20462
22239 1121 8913
10598 2342
27305 13425
20526 22331
677 21586
20556 1549 20557
4404 3981 15638
20957 20111
5509 2604
23808 2834
26466 20223 4399
8324 3723 6292
1478 32026 21831
20186 13678
5170 3119 139 4027 18848
11671 2604
21540 18448 16595 13608 3817
5000 20500
3575 24516 24551
26377 6573
24434 21418
23805 15428 27207
22541 1449
23985 5024
4451 18478
23108 6856 21717
21949 15428
23023 20425
6856 25341 2100
24698 22213
24258 27401
20703 20317 10734
24643 23889 22962
22890 16595
20685 1458
22388 5024 23649
26376 18198 21830
11761 22233
26699 24460
21954 26901
20048 3575 21599 24516
21171 1979 3817
20185 3504 4703 11689
22752 1979 19827
5104 21028
20742 25137
19356 21413 24315
22101 313 16771
5101 22607 4703 11689
1549 20557
22217 5459 22431 21679
7715 8102
24515 20507 13886
22860 20862
14905 352
21458 25360 22431 21025
20559 23838 11267 20307
22880 3296 6941 23394
21869 22880 6941 23394
5427 22485 13524
24633 352
21083 1979 1237 22400 16807 17009
24491 16092
16092 24092 24491 15515
20507 24515
25204 20862
20372 21952
23354 20940
24591 4397
4397 24591
25396 20518 1263
24886 25553
21397 14558
20474 24258 21601 25801
21341 3348
22907 19572 21527
13000 13524
3023 18901
20116 67
24596 1384
24803 1458 24432 14390
23889 347 20650 22962 24643
20650 23889
1979 1237 21083 17009
8913 1121 22239
22139 4456
24771 769 21915
22078 16771 1798
21418 1108
20575 21921
14370 4441
21255 17369
19966 677
19965 677 21586
4010 1121
22962 347 23889 24643
22037 21345 2561
282 3577
17780 20529 2373
5383 16771 22101
21528 19375
13433 20488
22056 24837
12819 20167
23922 24596
20107 1263
24675 22806
21185 18448
24351 26643
21580 21626
460 20868
21404 13761 20403
21060 12511
20408 20569 22237
22945 677 23825
20462 20833 21679
23076 3424
4854 210
1198 210 1782
23825 677
18834 23682
21438 4854 23222 10339 22477
26898 4703 27046
13970 22532
21123 8722 15654
7712 25518 13524
20421 25553
21819 4679
27283 21856
23552 4703
22654 8102 20609
22224 26060
26990 24356 17690
5511 10293
1266 1545
1399 4854
22238 5380
26063 20554
21926 19928
17558 2892 16234 3036
11950 2105
511 210
22477 21438 4854 10339
24064 19759
20239 9645
19521 5000 20500 21652 25001
25979 16807 19827 21083 20500
24622 26718
17679 21724
20568 21593 12014
22918 21626
23299 21647
21972 21286 21527 22352 22711
21887 650
24134 650
15823 863 21246
25772 1458 32361
19565 20313
4614 4704
3723 6292
8331 23598
1238 5373
12467 3119 4027
5624 20701 9838
20529 2373
22213 24698
24237 11746
17775 24495 24758
27046 4703 20807
21094 20853
21806 15515
13886 3296 24951
11741 2399
23214 4410
24595 23922
11351 3452
21320 22891
2482 19935
23634 18645 11267
23811 11267 22539
14885 650
20544 11810
21124 20210
1237 1979 21083 22400 16807
23222 4854 10339 22477 21438
25580 23222 4854 21438 10339
5498 21345
24305 650
22117 352
710 2373 20529
11489 20529
20006 3857 25246
20710 5380
22689 627
5518 347
24296 4397 22386
25382 16857
22364 129
129 22364
22363 129
20639 21614
21632 5338
14026 6941 23394 22880 28853 3296
21032 21952 5331
4704 18707
20701 20630 24708
26170 20566 3464
19998 650
19725 23946
288 1979 19827 22752
20798 22737
25286 19611
16932 24426
17785 18801 627
19417 4456 21838
22592 2076
17101 2373
20389 20313
21245 14640 7606
21850 11671 2604
24825 4703 3504
10741 11671 25019 3604
19124 13568 24581
21623 23529
21624 23529 7284
25578 6876
21044 11861 4550
22628 11671
22891 21320 20386
21013 2088
5331 21952
22322 25117 19673
19918 23882 2561
20739 20190
2105 20049
11540 2673
27215 18774
17680 25710 20049 2105
20489 21230 4730
20985 26718
24474 854
22712 22806
20190 20739 2105
20240 9645 21377
22432 21308 15515
8990 2619
18589 677 21218
21840 13524
3464 20566
24722 22841 20299
25527 6977
19793 2482
25839 18589 20972
3888 14748
4954 5966 11267 17252
27084 11267 4606 17252
16807 25979 21083 1237 22400 1979
26797 4854
20846 2406
24409 25743
26952 8102
25172 8102
27563 2491
10273 23598 20609
23407 20123
21527 21286 19572 22711 22352
19572 21286 21527 22352
20089 4106 8722
22572 22485
21268 4441 18101
25512 21908 20034
24455 18774
2673 210
22265 14370
19147 14634
26911 956
23893 21309 20606
20158 22798
22335 14634 4469 499
16917 21856
23307 2442
22389 5196
20178 22652
22617 20606
5223 2673
499 19988 13544 14634 20969
20354 22814 12621
8716 19766
24357 4703
23858 4703 11689
20438 3703 16512
22652 20178
22678 20500 1979 5000
27462 4148
27581 4195
25265 19115
1736 2399
4148 27462
24374 24140 23659
23684 22617
25240 5380
23270 1782 17182
20162 558 854
26396 4035
808 4410 23089
17695 16732
20091 499 19988 13544
24486 1384 24596
20045 499 14634 4469 16804
17954 667 5012
4399 20223
20605 21407
21262 4100 20822 20083
3604 11671 2604
26891 25353
2619 22485 13524
19759 4147
21188 11671 2604
24763 3595
24108 23529
24516 24551 3575
19558 5352
9544 499 19988
21908 25512 16786 20034
22123 10734 4910
25713 17092
21986 15835 24898
7686 3452
20184 26420
1820 20203
25831 22671 20234
26719 20423
22544 2076
20515 10293
24797 21026
20833 20462 21679
20367 19721
19988 499 20969 14634 20045
20457 12896 1049
331 15428 27207
22938 21862
20969 499 19988 14634 16804
23302 32186 197
21677 20972 9372 21218
21249 1598
22338 24241
9895 4410
2541 21938 2225
19709 19952
19215 7682
1362 20317 19304
22505 20024
24225 1074 2011
3753 2834 3595
21750 7284
4230 21797
1905 2296
11080 16512 3703
18347 21921
12651 25433 21189
16512 3703
5574 11079 1263
4085 4388
21074 2247
22354 5996
23089 808 4410
21226 24140 4703 3504
20901 11267 18645
22591 19951
20606 21309
18848 139 3119
22418 19566
286 20290 1263
20972 18589
12689 26286
1596 13761
27585 19706
863 14255
14302 12343
24295 27256
22566 14634 4441
21020 2133
23019 12487
3345 21601 24258
20770 23019
12334 25317 4703
25189 1979 16595
17798 769 5450 24476
24183 5380 21236
23658 20993
2428 1264
17234 5392
22732 28217
22002 21630 23543
19079 22052 2834
20530 21286 21527 22352
25059 20940
21587 27450
25686 22052
14578 499 19988 14634 20969
27067 3139
22670 18589 26148 17175
26148 18589
20767 677
26620 16595 16807
19855 11671
24497 2105
25258 15955
769 21915 5450
5211 108
19739 20307 4956
184 21246
21230 4730
12315 21080
22240 8696
20922 2406 718
20440 23304 7284 23405
21218 9372 18589 21409
26019 650
1471 108
12010 4469 16804 19729 14634
24524 27085 23299
1452 108
387 210
20872 19935 2482
1559 16350
25019 11671
19214 26620
27470 21309 25346
22083 5380
20057 13524
22983 3348
25710 2105
2021 24951 13886
25116 17369
20679 20039
21146 24516 3575
19480 21175
25391 24638
5450 21915 769 24476
8175 2585
24298 1546 21068
23257 23577
15955 25258
23908 13524
18988 499 19988 14634
21610 20576
21844 2668
210 4882
20083 4100
21652 1979 19521
14634 499
4469 14634 16804 19729 20045
21586 677
19240 16804 4469 14634
19904 4854 20249
7917 2561
23798 21013 3424
2534 5459 22217
21337 20307
27330 20688
21439 21449 4854 23222 21438
22264 18101 4441 14370
23882 19917
22210 1384
2833 26302
4897 19706
17182 1782
1586 20510
5354 24837
21835 22467
20763 24432
13544 499 18988 19988 20045
20335 22328
20818 8479
4730 21230
2946 3150
22377 5996
27069 854 558
20238 20554
18270 21947 21946
23110 9386 2247
7087 20699
5322 22108
12343 14302
20365 20962
21856 17050
27269 20223
23309 13543
8951 1595 23838
24898 15835
18982 15835 24898 21034
20621 22415
19945 4410
2211 6872
21906 16804 4469
386 352
4093 26438
24669 729 20323
21028 1458
23754 545
25278 14634 18988
23724 4754
25043 2076
10154 1238 5392
19666 17882
25165 20862 25204
25807 20554
19579 19706
18480 22993
25761 7819
2362 30250
20217 19215
21075 21399
19721 769
21016 27470
19986 3595
21006 14748 5352 24460
5934 667
26314 9895 20852
19166 1264 2129
177 2126
22091 20216
27256 24295
20410 27208
23422 21806
25949 11452
15210 21028
15759 15210 1458 21028
21084 13461
24968 13461
19802 729
11861 12876
27300 2233
21010 3050
21201 20282
20277 23545
21952 5331
17235 1238
24168 23601
26361 26901 23025
16408 6573
19959 20525
19958 17627
3182 21632 5338
9074 197
3981 4404
22067 21083 20864
24206 5380
25437 23078
21839 24722
21455 21377 21357
8612 3050
4027 139 3119
21971 19949
20034 25512 16786
16786 25512 20034 21908
15835 24898
620 2133
16094 13524
2233 2133
4303 380
27129 12487 23019
20210 20718
667 4631 2813
635 5102 5268
21803 21954
20937 22769
20345 21614
25644 9372
23943 13568 24581
22441 21346 10188
21852 22060
26883 20217
20887 17775 24495
15515 24637
14748 23136 21006 19558
4153 15638
21449 23222 22477 10339 21439
24526 23111
17502 4456
23784 8479
21346 10188 22441
16857 19952
23319 5024
20153 4148
22615 67
27152 18813
16694 21614 22533
21862 22938
1264 1113
20332 19375
21919 22217 22431
16481 4388
23136 14748 21006
18682 67
23247 24092
11398 3817 16595 18448
21630 22002 23543
9386 2247
20049 2105
9372 21218
23711 9372 20972 18589
25221 20835 18589
20835 18589
21910 18589 21078
27558 21078 21409 21218
21409 21218 21078
21078 18589 21218 21409
25477 21078 22795
22795 21078 25477 18589
23926 26453
17050 21856
19333 17380 22833
22127 17235
5338 21632
20492 10188
14640 7606
16282 5380
22431 21679
23709 22084
12824 17587
11166 21165
4349 21236 20223
21641 5380
20114 352
21713 5966 11267 1798
20852 4410 9895
20373 13162
23793 20387
39 2299
20598 718
718 2406
2406 718
23939 25765
23452 4910
17175 21218
21755 756
21308 24637 22432
24521 4655
4703 11689
19917 23882
24530 15515 21806
19903 1074 1366
7820 23522
18016 1366 1074
1366 1074 18016
3348 1296 2487
21758 20480
9394 4122
20066 20292
13865 2373
24014 20641
16258 6977
23897 9394 4122
19404 22418
16784 16732
15280 20217
17425 4850 24842
19952 19709
26757 20292
12896 19559
9601 625
21480 25433
2011 1074
23412 18016 1264
27186 3030
24835 5473 22307
18478 4451
3476 20480
20602 20940
17394 863
18733 5623
559 12254 10666
21033 32361
19939 15835 24898
23009 4147
21384 2487
1074 1366
22258 13524
19835 4828 1721
1214 1443 210
4966 108
20426 1113
4676 7284 23529
24758 17775 24495
19699 499
25072 27207
23337 20699 7087
13042 11810
27388 210
545 1788
27060 21250
21469 15428
21470 15428
21885 20835
1263 11079 20518
4324 1263
725 1263 11079
20518 1263 11079
1540 11079 20518
3036 11079
16234 2892 286 20290
20925 20290
13608 3817
9838 22836
2491 3595
23514 13425
19388 20462
16224 23529
21154 3119
1443 210 4882
6278 10734
17582 2088
23189 2892 16234
1440 20896
20822 4100
20001 19924
18550 14255 863
14141 729
3429 729
22548 23332
5459 2534 22217 21253
22532 22231
5392 1238
20318 1238 5392
5458 3464 20566
22836 9838
1069 1376 23529
25594 13425
4934 2247
3504 20807
20142 18650
21454 23577
23054 24581
24156 677
20962 6292
16732 2105
2129 1113
20629 21000
19928 1263 286
11079 1263
20290 286
20288 286 11079
20289 286 11079
2892 16234 20290
17369 25116
22259 20012
23332 22548 7682
25724 4100
5453 27232
4882 210
27547 16595
21539 25653
15863 25653 21539
3248 19333 17380 22833
24747 27207
25158 2871
23333 20292
18765 4148
23030 24694
7682 19215
20584 23543 22002
27272 22798
1850 11372
21863 22938
9646 15428 20784
4493 108
14183 4691
5227 499 21461 19988 20045 13544
20542 259
21890 210 4882
19366 18022 22696
13162 20373
22451 17776
2299 39
21085 20525
5012 667
18961 5530
25253 21725
21069 25246
17810 25001
21236 5380 20223
20688 27330 25776
18022 19366 22696
19559 12896
20213 3424
25207 4550 3424 20213
22121 1598 24853
26329 22121 24853
4100 20822 20083
18611 21399
21797 22373
2540 2487
19767 4783
25553 25853
2309 22956
21570 11452
25222 22670 23030 26148
21637 729
20191 27547 16595 19214
23509 17092
15111 4550 3424
24469 558 854
23705 414 15515
5352 19558 4566
23058 19558
23240 19721
19375 21528
2291 1503
139 3119
20501 20426
22485 2619
21291 19281
19953 21797
21090 24923
1220 4854
21963 21013
11680 21309
21051 1198
25015 23481
23405 20440 7284
20435 5373
10339 4854 21438 23222
2205 20385
25958 21561
21882 5104
20100 4566
1503 2291
19589 18101
851 7434
20046 24203
292 23682
19121 1074 1782
24008 20250 18750
27207 15428
23899 24455 18774
20807 4703
20797 352
16675 21191
22756 352 4148
26691 740
20436 24581
4390 22536
19566 17521
3817 21805 13608
13190 380
15787 1113 1264
2296 1905
22373 21797
24203 20046
21902 5101 22607
23176 22006
20313 20389
27450 20352 21587
8679 7284 23529
21441 20609
14662 17627
27001 21626
22289 4854
8843 5512
23461 17627
3033 19959
7620 20217 19215
21377 9645
21601 21527
7284 380
23186 4655
12512 22938
23643 20739
12254 559 2100
25160 21013 3424
23385 11267 1431
7667 1905 2296
20012 22259
4241 21407
20862 25204
1782 210
22854 2482
22833 3248 17380 19333
25935 25434
733 2585
1689 2482
22508 22240
23991 650 26621
23037 10735
2671 1232
20791 1232
13901 5325
25346 21309 20606
20664 20868
15287 24140 24374
24140 21226 24374 15287
18782 21165
22336 17369
21829 19558 4566 5352
942 16059
20039 20679
5530 4858
25998 21407
13568 24581
4754 11372
20525 19959
23125 3150 2946
21307 25527
21304 25693
3636 7352
12607 5374
20539 18702
21165 11372
18198 749 21830
19243 3703 16512
2487 11748 4858
350 11372
11372 3030
19841 17776
24391 8913 1121
20928 4598
20873 23682 25527
20307 23529
19790 23771
10157 19558 5352
4441 14634
18101 4441
19729 4441 14634 4469
19850 22386
3660 18774 24455
13461 210 1443
19936 20807 3504
20478 1979 1237 3817
17286 197
21964 21175 17785
1650 10735
11949 4330
9375 21208 4122
4566 1979 3817
24557 26569
4330 11949 20519
21286 21527 19572
5996 22377
4337 18589
3119 139
5481 21040
4783 19767
23495 9394
16908 13724
24684 3036 4122
4122 9394
20234 22671
22671 20234
18639 5996
18702 20539
25142 23159
19330 20387 22373 21797
16133 3119
26130 21408
23081 20012
10565 11949
24495 17775 24758
4631 667
13384 2673
22703 22702
20208 28756
29036 13326
16214 11957 28300
30717 27944 28387
27935 17399
28559 14741
29671 17399
16417 9198
9198 16417
27550 20281 29058
28143 20281
20281 28143 29058
29058 20281 28143 27550
15453 1662 968
3530 939
24674 12894
20236 147 29088
9157 30045 28267
25231 13493
1637 400
27785 4620
14847 15727
15727 14847
26245 11046 1591
28663 4445
3884 4853
16139 19227 29002
30484 18671
747 400
2116 17399 1647
27772 5213 7151
27773 7151 5213
6941 3296 22880 23394
29422 7151
14468 4445
4562 16214 11957
19842 14697
23268 11988 19415
30611 19294
28591 27170
4568 11894
533 1292
940 27806
4320 18746 715
13707 25972 15184
30242 17313
4826 16075
14282 6702 14725
29612 14282
4836 3774
28458 1844
26924 5637 30130 28805
29973 939
14730 12352 4139
617 2249
656 1571
10531 27580
28259 48
24429 11825
16075 4826
26033 27683
27457 18092
28177 28220 4322
11708 2411 23335
15669 28853 22880 6941
13168 1844
14741 33304
12030 16557
1996 1096 18840 28431
2472 26527
5213 27773
26211 5213 12780
882 2721
18904 1096
12011 8995
8995 12011
21462 532
29278 29975
7250 23936
29002 16139
30069 27936 9564
29280 9700
27406 9548
25169 5213
28198 28076
26035 16557 11377 8870 29221
28187 6702 14725
28613 13250
21396 968
25972 15184 13707
6715 9227
16557 8870
8870 16557
28932 1096 18840
548 15930
30344 30475
9982 2173
2173 9982
25688 121
28701 270
4564 1684
28526 29788
28267 30045 9157
18159 2749
12780 5213
19461 26033
25912 5018
4536 617 2249
24534 4445
22844 29116
28076 15057
1406 1042 3438
13832 13381
28079 27640 5018
28289 25383
21506 15019
28853 3296 15669
1894 121
30556 2749
19540 3464 20566
28510 28511
28511 28510
27793 26656
5451 18092
27449 19540 20566
29609 5129
1973 14318
27683 26033
2460 9649
28769 5236
10511 4329
12169 15453
4862 11554
13670 825
22554 23522
30374 21825
1573 26585
17534 1648 27042
28547 2459
1885 4079 29406
5129 4466
1993 11502
27350 29267
29870 26484
27865 29247
29107 24435 30086
4770 5309
28208 10
23741 1448
25091 48
7016 14344
27851 6651 400
29574 1422
27858 14916 11618
24414 14085
28005 3610
27955 24755
23394 3296 6941 22880
10084 4853 13806
28561 27702
1284 28307 1212
27817 28454
20728 15930 548
185 3115
27791 48 18797
15296 27406
28742 16397
30738 27862
30318 1015
29302 6678
2249 617
28039 13729
9934 16487
17734 748
29562 7842 12680
20229 1448
29345 27988
28464 28663 16386
26496 3501
28147 28278
1201 3610
17792 28209
15452 968
13158 29161
15064 1659 27860
7561 1042
15399 3573
29247 27865
30695 28300 4562 16214
27640 5018 28079
5496 29470
1988 28950
29237 4445
28728 2411
14916 11618
27068 13832
29919 25734
25962 19447
11618 14916
8807 29152
15833 15609
27969 28433 31069 16375
27787 29152
27699 24719 960
1766 18588
30114 28162 9700
901 19597
20021 28218
4329 26961
21992 9649
28790 1042
28855 3501
968 15452 1662
28251 34750
26294 4826
1662 15453 968
19753 15678
29886 30475
27769 1165
5532 23892
27386 14099
1140 4369
10375 1844
21202 26053
24342 1448 14344
16558 8870
11983 29427
29948 27875
5020 9965 11894
29606 29807 28011
16633 29895
20761 18797 48 28160
14690 732
29659 28145
25273 24323
30202 28373
27890 28373
2002 656 798
30537 28671
4931 1212
29217 1892
27400 30086
28011 29807 270
24215 24593 49
27841 28617
4119 27773 7151 5213
4321 18746 715
27774 8265
12320 656 1571
29353 27865 29247 28867
16397 28742
22235 29249 1096
24671 25061 29044
22273 16655
29808 29324
28015 26246
11046 4521 26245
6651 400
7151 27773 5213
28300 16214
21186 3420
29378 5299 6249
22116 24755
28153 29876
19636 26484
29325 2249
30153 4562
23766 3501
1608 5273 69
23936 7250
1349 3417
1659 27860
30214 9700 29280
21113 23655 15930
16997 27894
19183 1130
28615 15184 25972
3774 9591
14493 21186
14925 24534
28293 11046 1591
16346 27895
30396 28661
28160 18797 48
23655 15930
5497 28087
28805 5637 30130
801 24593
28645 26484
28215 15357 4996
28411 27988 29152
28951 4483
1165 27769
7126 1842
30412 28011 270 29807
29832 21506
18833 28150 28703
3885 7506
15392 23655 15930
25555 400
28162 24533
29259 21506 29832
27908 27068
25061 29044
30585 27962
2151 29043 5118
15057 14160
14160 5118
13391 17858
19108 1497
30045 9157 28267
17768 14318
4521 1591 27611 11046
29243 27895
4656 29788
29043 5118 14160
24104 1648
69 5273
29054 4329
5369 5612
6678 29302
27399 24435 30086 22861
27688 4620
9066 27855
27855 9066
28098 1962 19269
14056 1201 3610
29427 617 11983
12118 23892
22143 29950
6382 13381
30273 20
22597 5236
7485 14269
15930 548
28516 11532
28636 28516 11532
25135 16614
24238 23239 30747
27799 12680 7842
26246 11046
28027 14732
27999 21812
28178 30156
28051 24525
9304 25532 23172
28461 8807 30086
1648 17534
30505 30529
17858 13391
29761 27390
4620 2472
29971 2183
15184 25972
3587 14916
3985 92
25214 13727
30368 28328
24941 28373 29567
27792 48
27936 9564 754
19249 24593 27691
30458 4369
1647 2116
19872 1944
1944 19872
28617 27841
18791 27773
15166 400
26786 4329
798 1571
24765 3774
21746 29636
16242 4518
24392 27819 27149
3459 27895
9965 28456
15019 21506
6702 14725 14282
4518 1096 16242
11105 8182
25538 5201
5536 1648 17534 27042
29267 27350
13736 16075
29103 27259
23840 7842
4996 15357
28070 28160
5482 26196 26961
16228 316
29073 4592
28440 34675
29138 17858
26617 11618
28919 1096 18840 28431
1096 18840 28431
23466 1096 18840 28431
707 4369
29077 18429
4424 29804
28252 1962
30510 4521 29081 1591
26847 27685
30130 5637 28805 26924
14315 11222
11047 25282
27987 15227
3738 22604 7506
16000 27580
4928 12070 15714
16001 1662 15452 968
28049 939
3115 185
30001 26961
29482 24414 14085
29143 548
23983 28445 30364
3610 1201
1455 11708 2411
904 27842
28084 28923 27842
28923 28084
3213 1015
13113 24099
10899 22372
28217 22732
9829 25314
26527 2472
6619 4521 1591 26246
776 1648 17534
27042 1648 17534 24104
3225 28220 28177 4322
2599 12865
30060 778
29358 8017
1848 28691
1571 656
27804 1164 26869
26869 27804 1164
28781 185
2670 4321 18746
704 1212
29465 28162 24533
28294 28035
29314 24392 27149
28112 23062 28291
27062 31069 16375 27970
14318 1973
5647 1571
21392 28454
8200 27832
5637 30130 28805 26924
1962 28252
28444 21743
27522 5213 7151
960 24719
15826 1212 4931
21812 9030
29270 27957
22604 7506
14344 7016
15144 15453
4369 707
17307 1292
28431 1096 18840
28359 29247 27865 28867
28640 27865
29509 20
24719 960
19507 960 24719
23829 1096 28431 18840
24099 13113
4310 18797
1274 4445
28830 960
27863 27773 7151
28950 1988
11332 25725
9591 3774 1470
4079 1885
29194 16916
30596 29597
28197 5647 1571
16386 4445 28663
30004 27812
5230 14916
23083 5447
27951 30086
29089 707 4369
5018 27640
29374 29186
27737 24993
18746 4321 715
29512 4321 18746
30156 28178
28940 1212
9227 6699
1710 1637
1651 27685
532 21462 29718
28930 28793
14389 12381 22596
11532 28516
28097 24148
30347 14160
29355 4079
4892 27901 26810
30201 30083
27709 18797 48
29976 28654
24239 28439
29015 16557
28157 30951
28750 798 5647
4927 19555
24388 1307 15493
2244 27683 26033
18797 48
19385 28035
25524 22596
14427 28334
18840 1096 28431
26978 1096
2475 14092
24109 3150
28792 1380
29649 715 4321 18746
28236 8017 4139
28793 28930
30673 19415
30512 31069 4574
27900 27748
30494 30196
23172 25532
7541 3573
28532 19294
27842 28923
9440 1378
28524 27744
11217 27712
18944 15185
27962 8017
1897 19207
28150 28703 11554
15178 424
754 27936 9564 30069
28026 21582
4280 7250 23936
8817 3213 1015
21419 28363
13603 12352
19598 901
19597 901
18544 28076
28913 29648
28003 4329
29406 1885 4079
4517 1096
28895 4574 30764
29836 29883
29221 16557 11377 8870
14722 26430
4665 8652
11632 11957 16214
28643 27764
28896 9030 27718
28328 30368
4391 19268
27819 24392
2474 1497
29567 24941 28373
29081 4521 1591
1840 27636
8265 656
2840 26430
28917 25718
3849 25718
29121 7587 28402 29568
22861 15899 24435
29723 5647 1571
27718 9030
23368 28454
28199 1885 4079
5395 8182
29823 8902 26430
21526 29683
29683 21526
23431 1591 4521 11046 27611
1591 4521 27611 11046
28842 14916
28603 29432
28164 24148
21183 28307
27809 19126
27486 28701
30425 4930
30375 29007 133
29007 133
12866 29948
27899 27875
14407 27350
24155 1096
28154 19597 901
22006 5380
26782 25569
30314 1274
10248 939
30644 5637 28805
17201 707 4369
28281 12527
30616 28653
29018 26053
1015 3213
29804 4424
12117 23892
7587 28402
4249 1428
28307 1212
30606 15453
3772 48 18797
28835 4574
840 27729
28445 30364
25601 19415
25007 11988
29718 532
18837 24104 27042
26811 27901
26810 4892 27901
28703 15748 28150
12693 26484
29629 9030 27718
27692 28742
28028 15452 968
29938 4445
28904 14092 34636
748 400
3089 147
48 18797
24533 28162
15227 27987
1470 9591
10605 26533
29941 29894
24873 3115
16146 18677
2687 13585
19865 11222
28823 29038
28620 8498
19207 1897
27170 28591
22659 27265
30359 15678 30647
27945 1422 29574
9030 27718
7104 27819 27149
21680 28098
30724 5423
28944 29367
133 1274
28334 14427
15493 1307
29088 147
9564 27936 30069
28068 27799 12680
29123 12381
30274 28442
28473 1648
30107 28653
29321 1096
29544 960
18835 15748
5030 25061
29568 29121
30714 3438
2338 29038
27265 22659
28593 29147
27807 960
1865 960
3609 15452 13729
27901 4892 26810
1678 14318 1973
30499 968
28341 27930
23273 21648
27860 1659
1026 6702
29819 1026
1842 19414
11988 19415
28100 27898
30364 28445
30269 748 400
26406 16177
5097 30647
4574 28835
30129 3150
27757 27390
27758 27390
27149 24392 27819
13493 1962
28297 1096 28431 23829
11987 19415
28822 27957
26369 1096 28431
29105 26245
28885 30235
27744 28524
28018 15748
29797 27976
12867 27692 28742
16608 11502
26738 4445
296 1212 4931
3417 1349
10403 28570
29296 968
27894 16997
28209 1042
5273 69
29939 23962
23962 29939
29070 29024
28652 27901
6249 5299
29289 3610
26145 14160
19804 31093 30997
5370 2632
29824 5370 2632
20348 1732 20235
30819 542
23403 1973 14318
30935 5423
32774 26293
32026 1478
10092 11748 23274
27959 234 10885
23895 1479 27028 18667
25973 3622 18667
22995 29390 21521 13517
21181 18667 25973 1319
18667 20645 25973
19823 996
32505 32113 32094 32432
26583 16495
32449 32424
10628 32157 32140
11947 17403 32611 32092
6695 24194
8532 15033
3070 30341
25444 30296
32327 20265 30341
32285 32319
32173 15228 12852 13517
1319 3622
23957 30544 32131
10728 23437
32582 23437
32421 32750 26462 1546
15129 17356 32185 13947
8210 2453
13349 32501
32059 16269
32114 18764 2489
32677 32622
18764 16427 32114
32708 32424
32626 25989
32197 32261
32424 32365 32708
32460 32419
18261 32017 27520 32748
25989 26477
32525 996
32073 21830 24288
32771 32243 26115
32440 24438
29884 16564 30706
27520 32017 18261
32237 22402 27539
2042 26477
32733 32514 26477
32619 32253 32514
32514 32253 26477
32330 25271
21537 32330 32082
32164 7280 7692
32466 30341
32400 996 32556
30684 32392 32693
26090 3451 32623 32094
7640 14070
17446 23437
13073 2489 23417
7119 32496 32142
14942 24828
16300 17478
3622 4400 1479
32049 25790 1546 8820
25178 32360
15132 1930
16564 30706 29884
16844 1724 197
21178 996
32454 32043 32388
3010 32440
8698 18261
16486 10112 17478
26352 32518 26563
26339 13722
27460 16495
32243 32384 32771
32294 11196 32717
18723 27378
26655 996 22655
32339 30063
32308 32406
20407 20975
32518 26352 32038
32613 23999 10702
23999 10702
32269 25054
16427 18764
32089 32730
13722 26919 26339
32120 30706 16564 29884
7118 15760
25638 32142
32380 32133
32137 32341 32520
27211 1724 32412
32012 32218 27022
24507 26293
11196 32717
21787 32285
32104 32038
23691 20436
22603 32246
32748 32017 18261 29313
25513 25476
30222 32154 25632
7692 7280
32735 996
1479 3622 4400
9798 2489 23417
32085 32084 32671 32262
32488 32369
32545 16269
30341 12300
21214 24745 1631
3480 27378
32561 19836
32780 26563 32038 32118 27234
30238 26563 32038 32671
32577 23895 18667 25973
32133 14120 15396 32261
32170 32038 32118 27234 26563
32169 10628 32157 32118
23107 32313 24438
32176 21224 32565
23010 2453
32552 32170 32780 32038 32118
32750 21068
32540 3451 13805
23826 32540
32369 32488
32041 29029
29029 32509
23281 30341
32717 11196 32294
27401 24258
32035 16269
32671 26563 32118 27234
32509 29029 32652
32593 27378 3480
29269 32438
32198 26852
32355 27378
32378 32502
32287 6841 20623
17124 21564 13718
32796 26655
6997 32388 32043
32130 30706 16564
32175 21224
32556 32400
24865 3622 24423 20645
29390 13517
32074 32338
32079 32338
12300 13665 15033
32520 32341
1593 197 24012 15854
32213 1478 32026
25701 26477
29130 7280
19674 10702 32613 23999
32017 8698 32748 18261
32323 26919
4828 1458 21028
32113 32780 32170 27234 32038
24845 20595 11635 9084
32491 21787 25476
6163 651 1724 197
8820 32004 25632
27234 32038 26563 32118
25476 21787
32067 30341
12487 25659 23019
32217 32372 2453
24650 32012
11748 2487
32092 17403 32611
32261 14120 32133
29486 17286 197 24012
32707 27132 32293 27217
32307 2489 23417
24437 651
15854 197
32093 27234 32425 26563
22716 22655 996 32693
20265 15033 13665
27315 13665
32066 32131
20825 32058
30947 32198 27234 32038
26686 30249
32484 7280 7692
32054 32080 26857
15204 13665
1180 197
22380 2040 11491
4400 3622 1479
2372 996
32497 25117 20889 22322
32584 23547
32354 25790
32438 29269
22402 25444
32154 25632 1546
32071 32364 32784
27539 25444
32664 32014
32461 32692
24710 27378
17484 32307
25118 13947
27003 32441
32080 26857 32054
13805 3451 32540
32437 13805
32372 2453
11030 13665 12300 15033
14985 27378 25670
32655 3622 23895
17403 32092 32611
13947 32257
32439 11635
32007 27132 32707 27217
15269 20574 234
32234 32780
26897 11635 9084
1724 18714
26315 23547
32229 1546 30906
27217 27132 32707
32695 29390
32043 32454
32204 27132
32377 30296
3147 996
23157 651 24012
26462 1546 25632 32154
32271 32218
21361 1546 32154
32502 32378
24408 32198 32138
26358 13718 24442
1546 32154 26462 25632
25301 15708
32422 32697
32185 13947 17356 15129
1631 24492 15760
6162 651 197 1724 15854
2100 12254 559
32609 27132 27217 32707
32693 996 22655
24492 1631 18669 15760
32483 17555
32361 4828
32166 27234 32094 17555
32273 26948
31795 21830 749 32073
26992 9084 11635 24845 20595
30786 23055 26991 32171 32214
32295 32122
24799 32118 27234
32666 25932
24468 32214
17714 559 12254 10666 2100
32325 20645 4400
32201 13665 12300
14120 32133 32261
30610 996
11635 20595 9084
22456 25936 2362 30250
20394 25489 32425
2005 32516 32044 24012
32516 2005 32044
32044 32516
24436 20595
21322 9084
9084 11635
20487 19836 32425 25489
23007 32521 23327
25843 25349 11635
25844 25349
13350 32501
26919 13722
17294 26919 13722
14070 32005
32305 24339
32027 197
26991 30786 23055 32214 32171
24423 20645
20950 32017
22192 32107
14227 651
14800 7280
24790 32115
22209 18384 996
8851 996
12001 996
26818 32503
32569 32372
1617 996
19942 20798
29504 32113 19836
23473 21741
20855 20115
22737 20798
32752 6841
10666 559 12254
5256 10158
20623 6841 32287
32611 32092 17403
3515 22995
32455 27132 27217
32349 32076 22162
32336 15708
32746 12300 13665
21741 23473
27132 32707 27217 32293
32346 32697
32188 26852
15760 24492
32565 21224
26136 32330 23327
27232 1798
27559 15708
21634 15708
32157 10628 32169 32140
32276 32697
6841 32287
32407 32021
32550 27364
26374 21068 1546
4267 3622 4400 1319 1479
32087 16918
23145 21157
32215 20595
20595 11635 9084
4173 1546 21361
10885 234
32178 11635
32293 32707 27132 27217
25349 20595
31887 32078
21830 749 3702 18198
3326 197 1724
749 21830 3702 18198
32318 10885
21004 24339 32305
29972 25632 26462
25632 32154 1546
32674 25790
22043 20855 32218
15459 13090 24012 1724
30250 2362 25936
32623 3451 26090 32094
32275 32262
32652 32509
32600 21510
32183 32501
32337 20595 32178
32304 15708
32048 32722 2100 12254
5311 16918 11491
32732 32475
32138 24408 10628
197 17286
23055 30786 26991 32214
30706 16564 29884
27426 32257 32185
22763 24845 16131 20595
29216 2040
2228 32330
19943 32154 25790
26045 18714 1724
7260 29216
25489 19836
32341 32520
26852 32198
32147 24803 1458 20915
32526 21413
8078 30341
3702 749 21830
32475 32732
2040 16918 11491
1806 13718
32715 32430
27226 30749
3824 197
23591 32265
19806 25632 32154 1546 25790
18946 1546 26462 32154
21564 17124
27418 32265
6373 32253
4183 20275
1213 33872 22685
4242 25042
